-70
-70
-70
-70
-70
-70
-70
-70
-70
-70.0001
-70.0001
-70.0001
-70.0001
-70.0001
-70.0001
-70.0001
-70.0002
-70.0002
-70.0002
-70.0002
-70.0003
-70.0003
-70.0003
-70.0003
-70.0004
-70.0004
-70.0004
-70.0005
-70.0005
-70.0005
-70.0005
-70.0006
-70.0006
-70.0006
-70.0007
-70.0007
-70.0007
-70.0008
-70.0008
-70.0009
-70.0009
-70.0009
-70.001
-70.001
-70.001
-70.0011
-70.0011
-70.0012
-70.0012
-70.0012
-70.0013
-70.0013
-70.0014
-70.0014
-70.0014
-70.0015
-70.0015
-70.0016
-70.0016
-70.0017
-70.0017
-70.0017
-70.0018
-70.0018
-70.0019
-70.0019
-70.0019
-70.002
-70.002
-70.0021
-70.0021
-70.0022
-70.0022
-70.0022
-70.0023
-70.0023
-70.0024
-70.0024
-70.0024
-70.0025
-70.0025
-70.0026
-70.0026
-70.0027
-70.0027
-70.0027
-70.0028
-70.0028
-70.0029
-70.0029
-70.0029
-70.003
-70.003
-70.0031
-70.0031
-70.0031
-70.0032
-70.0032
-70.0033
-70.0033
-70.0033
-70.0035
-70.0038
-70.0045
-70.0056
-70.0071
-70.0092
-70.0117
-70.0147
-70.0181
-70.022
-70.0263
-70.031
-70.0361
-70.0416
-70.0474
-70.0535
-70.06
-70.0668
-70.0739
-70.0813
-70.089
-70.0969
-70.1052
-70.1137
-70.1224
-70.1314
-70.1406
-70.1501
-70.1598
-70.1697
-70.1799
-70.1902
-70.2008
-70.2116
-70.2225
-70.2337
-70.245
-70.2566
-70.2683
-70.2801
-70.2922
-70.3044
-70.3168
-70.3293
-70.342
-70.3549
-70.3679
-70.381
-70.3943
-70.4077
-70.4213
-70.4349
-70.4488
-70.4627
-70.4768
-70.4909
-70.5052
-70.5196
-70.5342
-70.5488
-70.5635
-70.5783
-70.5933
-70.6083
-70.6234
-70.6387
-70.654
-70.6694
-70.6848
-70.7004
-70.716
-70.7318
-70.7476
-70.7634
-70.7794
-70.7954
-70.8115
-70.8277
-70.8439
-70.8602
-70.8765
-70.8929
-70.9094
-70.9259
-70.9424
-70.9591
-70.9757
-70.9924
-71.0092
-71.026
-71.0429
-71.0598
-71.0767
-71.0937
-71.1107
-71.1278
-71.1449
-71.162
-71.1791
-71.1963
-71.2136
-71.2308
-71.2481
-71.2654
-71.2827
-71.3001
-71.3174
-71.3348
-71.3523
-71.3697
-71.3872
-71.4046
-71.4221
-71.4396
-71.4571
-71.4747
-71.4922
-71.5098
-71.5274
-71.5449
-71.5625
-71.5801
-71.5977
-71.6153
-71.6329
-71.6505
-71.6682
-71.6858
-71.7034
-71.721
-71.7387
-71.7563
-71.7739
-71.7915
-71.8092
-71.8268
-71.8444
-71.862
-71.8796
-71.8972
-71.9148
-71.9324
-71.9499
-71.9675
-71.9851
-72.0026
-72.0201
-72.0377
-72.0552
-72.0727
-72.0902
-72.1076
-72.1251
-72.1426
-72.16
-72.1774
-72.1948
-72.2122
-72.2296
-72.2469
-72.2642
-72.2816
-72.2989
-72.3161
-72.3334
-72.3506
-72.3678
-72.385
-72.4022
-72.4194
-72.4365
-72.4536
-72.4707
-72.4878
-72.5048
-72.5218
-72.5388
-72.5558
-72.5727
-72.5896
-72.6065
-72.6234
-72.6402
-72.657
-72.6738
-72.6906
-72.7073
-72.724
-72.7407
-72.7573
-72.7739
-72.7905
-72.8071
-72.8236
-72.8401
-72.8566
-72.873
-72.8894
-72.9058
-72.9221
-72.9384
-72.9547
-72.971
-72.9872
-73.0034
-73.0195
-73.0356
-73.0517
-73.0678
-73.0838
-73.0998
-73.1157
-73.1317
-73.1475
-73.1634
-73.1792
-73.195
-73.2107
-73.2264
-73.2421
-73.2578
-73.2734
-73.2889
-73.3045
-73.32
-73.3354
-73.3508
-73.3662
-73.3816
-73.3969
-73.4122
-73.4274
-73.4426
-73.4578
-73.4729
-73.488
-73.503
-73.518
-73.533
-73.548
-73.5629
-73.5777
-73.5925
-73.6073
-73.6221
-73.6368
-73.6514
-73.666
-73.6806
-73.6952
-73.7097
-73.7242
-73.7386
-73.753
-73.7673
-73.7816
-73.7959
-73.8101
-73.8243
-73.8385
-73.8526
-73.8666
-73.8806
-73.8946
-73.9086
-73.9225
-73.9363
-73.9502
-73.9639
-73.9777
-73.9914
-74.005
-74.0187
-74.0322
-74.0458
-74.0592
-74.0727
-74.0861
-74.0995
-74.1128
-74.1261
-74.1393
-74.1525
-74.1657
-74.1788
-74.1919
-74.2049
-74.2179
-74.2308
-74.2437
-74.2566
-74.2694
-74.2822
-74.2949
-74.3076
-74.3203
-74.3329
-74.3454
-74.358
-74.3704
-74.3829
-74.3953
-74.4076
-74.4199
-74.4322
-74.4444
-74.4566
-74.4687
-74.4808
-74.4929
-74.5049
-74.5169
-74.5288
-74.5407
-74.5525
-74.5643
-74.5761
-74.5878
-74.5994
-74.6111
-74.6227
-74.6342
-74.6457
-74.6571
-74.6685
-74.6799
-74.6912
-74.7025
-74.7137
-74.7249
-74.7361
-74.7472
-74.7583
-74.7693
-74.7803
-74.7912
-74.8021
-74.8129
-74.8237
-74.8345
-74.8452
-74.8559
-74.8665
-74.8771
-74.8877
-74.8982
-74.9086
-74.9191
-74.9294
-74.9398
-74.9501
-74.9603
-74.9705
-74.9807
-74.9908
-75.0009
-75.0109
-75.0209
-75.0308
-75.0407
-75.0506
-75.0604
-75.0702
-75.0799
-75.0896
-75.0993
-75.1089
-75.1184
-75.128
-75.1374
-75.1469
-75.1563
-75.1656
-75.1749
-75.1842
-75.1934
-75.2026
-75.2117
-75.2208
-75.2299
-75.2389
-75.2478
-75.2568
-75.2656
-75.2745
-75.2833
-75.292
-75.3007
-75.3094
-75.318
-75.3266
-75.3352
-75.3437
-75.3521
-75.3606
-75.3689
-75.3773
-75.3856
-75.3938
-75.402
-75.4102
-75.4183
-75.4264
-75.4345
-75.4425
-75.4504
-75.4583
-75.4662
-75.4741
-75.4818
-75.4896
-75.4973
-75.505
-75.5126
-75.5202
-75.5278
-75.5353
-75.5427
-75.5502
-75.5575
-75.5649
-75.5722
-75.5795
-75.5867
-75.5939
-75.601
-75.6081
-75.6152
-75.6222
-75.6292
-75.6361
-75.643
-75.6498
-75.6567
-75.6634
-75.6702
-75.6769
-75.6835
-75.6902
-75.6967
-75.7033
-75.7098
-75.7162
-75.7226
-75.729
-75.7354
-75.7417
-75.7479
-75.7541
-75.7603
-75.7665
-75.7726
-75.7786
-75.7847
-75.7907
-75.7966
-75.8025
-75.8084
-75.8142
-75.82
-75.8258
-75.8315
-75.8372
-75.8428
-75.8484
-75.854
-75.8595
-75.865
-75.8704
-75.8758
-75.8812
-75.8865
-75.8918
-75.8971
-75.9023
-75.9075
-75.9126
-75.9177
-75.9228
-75.9278
-75.9328
-75.9378
-75.9427
-75.9476
-75.9524
-75.9572
-75.962
-75.9668
-75.9715
-75.9761
-75.9807
-75.9853
-75.9899
-75.9944
-75.9989
-76.0033
-76.0077
-76.0121
-76.0164
-76.0207
-76.025
-76.0292
-76.0334
-76.0376
-76.0417
-76.0458
-76.0498
-76.0538
-76.0578
-76.0618
-76.0657
-76.0695
-76.0734
-76.0772
-76.081
-76.0847
-76.0884
-76.092
-76.0957
-76.0993
-76.1028
-76.1064
-76.1098
-76.1133
-76.1167
-76.1201
-76.1235
-76.1268
-76.1301
-76.1333
-76.1366
-76.1397
-76.1429
-76.146
-76.1491
-76.1522
-76.1552
-76.1582
-76.1611
-76.164
-76.1669
-76.1698
-76.1726
-76.1754
-76.1782
-76.1809
-76.1836
-76.1862
-76.1889
-76.1915
-76.194
-76.1966
-76.1991
-76.2015
-76.204
-76.2064
-76.2087
-76.2111
-76.2134
-76.2157
-76.2179
-76.2201
-76.2223
-76.2245
-76.2266
-76.2287
-76.2308
-76.2328
-76.2348
-76.2368
-76.2387
-76.2406
-76.2425
-76.2444
-76.2462
-76.248
-76.2497
-76.2515
-76.2532
-76.2549
-76.2565
-76.2581
-76.2597
-76.2613
-76.2628
-76.2643
-76.2658
-76.2672
-76.2686
-76.27
-76.2713
-76.2727
-76.274
-76.2752
-76.2765
-76.2777
-76.2789
-76.28
-76.2812
-76.2823
-76.2833
-76.2844
-76.2854
-76.2864
-76.2873
-76.2883
-76.2892
-76.2901
-76.2909
-76.2918
-76.2926
-76.2933
-76.2941
-76.2948
-76.2955
-76.2962
-76.2968
-76.2974
-76.298
-76.2986
-76.2991
-76.2996
-76.3001
-76.3006
-76.301
-76.3014
-76.3018
-76.3022
-76.3025
-76.3028
-76.3031
-76.3034
-76.3036
-76.3038
-76.304
-76.3042
-76.3043
-76.3044
-76.3045
-76.3046
-76.3046
-76.3046
-76.3046
-76.3046
-76.3045
-76.3044
-76.3043
-76.3042
-76.3041
-76.3039
-76.3037
-76.3035
-76.3032
-76.303
-76.3027
-76.3024
-76.302
-76.3017
-76.3013
-76.3009
-76.3005
-76.3
-76.2996
-76.2991
-76.2986
-76.298
-76.2975
-76.2969
-76.2963
-76.2957
-76.2951
-76.2944
-76.2937
-76.293
-76.2923
-76.2915
-76.2908
-76.29
-76.2892
-76.2884
-76.2875
-76.2866
-76.2857
-76.2848
-76.2839
-76.283
-76.282
-76.281
-76.28
-76.279
-76.2779
-76.2768
-76.2758
-76.2747
-76.2735
-76.2724
-76.2712
-76.27
-76.2688
-76.2676
-76.2664
-76.2651
-76.2638
-76.2626
-76.2612
-76.2599
-76.2586
-76.2572
-76.2558
-76.2544
-76.253
-76.2516
-76.2501
-76.2486
-76.2471
-76.2456
-76.2441
-76.2426
-76.241
-76.2394
-76.2378
-76.2362
-76.2346
-76.233
-76.2313
-76.2296
-76.2279
-76.2262
-76.2245
-76.2227
-76.221
-76.2192
-76.2174
-76.2156
-76.2138
-76.212
-76.2101
-76.2083
-76.2064
-76.2045
-76.2026
-76.2006
-76.1987
-76.1967
-76.1948
-76.1928
-76.1908
-76.1888
-76.1867
-76.1847
-76.1826
-76.1805
-76.1785
-76.1764
-76.1742
-76.1721
-76.17
-76.1678
-76.1656
-76.1635
-76.1613
-76.159
-76.1568
-76.1546
-76.1523
-76.1501
-76.1478
-76.1455
-76.1432
-76.1409
-76.1386
-76.1362
-76.1339
-76.1315
-76.1291
-76.1267
-76.1243
-76.1219
-76.1195
-76.1171
-76.1146
-76.1121
-76.1097
-76.1072
-76.1047
-76.1022
-76.0997
-76.0971
-76.0946
-76.092
-76.0895
-76.0869
-76.0843
-76.0817
-76.0791
-76.0765
-76.0739
-76.0712
-76.0686
-76.0659
-76.0632
-76.0606
-76.0579
-76.0552
-76.0525
-76.0497
-76.047
-76.0443
-76.0415
-76.0388
-76.036
-76.0332
-76.0304
-76.0276
-76.0248
-76.022
-76.0192
-76.0163
-76.0135
-76.0107
-76.0078
-76.0049
-76.002
-75.9992
-75.9963
-75.9934
-75.9905
-75.9875
-75.9846
-75.9817
-75.9787
-75.9758
-75.9728
-75.9699
-75.9669
-75.9639
-75.9609
-75.9579
-75.9549
-75.9519
-75.9489
-75.9458
-75.9428
-75.9398
-75.9367
-75.9337
-75.9306
-75.9275
-75.9245
-75.9214
-75.9183
-75.9152
-75.9121
-75.909
-75.9059
-75.9027
-75.8996
-75.8965
-75.8933
-75.8902
-75.887
-75.8839
-75.8807
-75.8775
-75.8744
-75.8712
-75.868
-75.8648
-75.8616
-75.8584
-75.8552
-75.852
-75.8488
-75.8456
-75.8423
-75.8391
-75.8358
-75.8326
-75.8294
-75.8261
-75.8228
-75.8196
-75.8163
-75.813
-75.8098
-75.8065
-75.8032
-75.7999
-75.7966
-75.7933
-75.79
-75.7867
-75.7834
-75.7801
-75.7768
-75.7735
-75.7701
-75.7668
-75.7635
-75.7601
-75.7568
-75.7535
-75.7501
-75.7468
-75.7434
-75.7401
-75.7367
-75.7333
-75.73
-75.7266
-75.7232
-75.7199
-75.7165
-75.7131
-75.7097
-75.7063
-75.703
-75.6996
-75.6962
-75.6928
-75.6894
-75.686
-75.6826
-75.6792
-75.6758
-75.6724
-75.669
-75.6656
-75.6621
-75.6587
-75.6553
-75.6519
-75.6485
-75.6451
-75.6416
-75.6382
-75.6348
-75.6314
-75.6279
-75.6245
-75.6211
-75.6176
-75.6142
-75.6108
-75.6073
-75.6039
-75.6004
-75.597
-75.5936
-75.5901
-75.5867
-75.5832
-75.5798
-75.5764
-75.5729
-75.5695
-75.566
-75.5626
-75.5591
-75.5557
-75.5522
-75.5488
-75.5453
-75.5419
-75.5384
-75.535
-75.5315
-75.5281
-75.5246
-75.5212
-75.5177
-75.5143
-75.5108
-75.5074
-75.504
-75.5005
-75.4971
-75.4936
-75.4902
-75.4867
-75.4833
-75.4798
-75.4764
-75.4729
-75.4695
-75.4661
-75.4626
-75.4592
-75.4557
-75.4523
-75.4489
-75.4454
-75.442
-75.4386
-75.4351
-75.4317
-75.4283
-75.4248
-75.4214
-75.418
-75.4146
-75.4111
-75.4077
-75.4043
-75.4009
-75.3975
-75.394
-75.3906
-75.3872
-75.3838
-75.3804
-75.377
-75.3736
-75.3702
-75.3668
-75.3634
-75.36
-75.3566
-75.3532
-75.3498
-75.3464
-75.343
-75.3396
-75.3362
-75.3329
-75.3295
-75.3261
-75.3227
-75.3194
-75.316
-75.3126
-75.3093
-75.3059
-75.3025
-75.2992
-75.2958
-75.2925
-75.2891
-75.2858
-75.2824
-75.2791
-75.2758
-75.2724
-75.2691
-75.2658
-75.2624
-75.2591
-75.2558
-75.2525
-75.2492
-75.2458
-75.2425
-75.2392
-75.2359
-75.2326
-75.2293
-75.226
-75.2227
-75.2195
-75.2162
-75.2129
-75.2096
-75.2063
-75.2031
-75.1998
-75.1965
-75.1933
-75.19
-75.1868
-75.1835
-75.1803
-75.177
-75.1738
-75.1706
-75.1673
-75.1641
-75.1609
-75.1577
-75.1545
-75.1513
-75.148
-75.1448
-75.1416
-75.1384
-75.1353
-75.1321
-75.1289
-75.1257
-75.1225
-75.1194
-75.1162
-75.113
-75.1099
-75.1067
-75.1036
-75.1004
-75.0973
-75.0941
-75.091
-75.0879
-75.0847
-75.0816
-75.0785
-75.0754
-75.0723
-75.0692
-75.0661
-75.063
-75.0599
-75.0568
-75.0537
-75.0507
-75.0476
-75.0445
-75.0415
-75.0384
-75.0353
-75.0323
-75.0292
-75.0262
-75.0232
-75.0201
-75.0171
-75.0141
-75.0111
-75.0081
-75.0051
-75.0021
-74.9991
-74.9961
-74.9931
-74.9901
-74.9871
-74.9842
-74.9812
-74.9782
-74.9753
-74.9723
-74.9694
-74.9664
-74.9635
-74.9606
-74.9576
-74.9547
-74.9518
-74.9489
-74.946
-74.9431
-74.9402
-74.9373
-74.9344
-74.9315
-74.9286
-74.9258
-74.9229
-74.92
-74.9172
-74.9143
-74.9115
-74.9087
-74.9058
-74.903
-74.9002
-74.8974
-74.8945
-74.8917
-74.8889
-74.8861
-74.8834
-74.8806
-74.8778
-74.875
-74.8722
-74.8695
-74.8667
-74.864
-74.8612
-74.8585
-74.8557
-74.853
-74.8503
-74.8476
-74.8449
-74.8421
-74.8394
-74.8368
-74.8341
-74.8314
-74.8287
-74.826
-74.8233
-74.8207
-74.818
-74.8154
-74.8127
-74.8101
-74.8075
-74.8048
-74.8022
-74.7996
-74.797
-74.7944
-74.7918
-74.7892
-74.7866
-74.784
-74.7814
-74.7788
-74.7763
-74.7737
-74.7712
-74.7686
-74.7661
-74.7635
-74.761
-74.7585
-74.756
-74.7534
-74.7509
-74.7484
-74.7459
-74.7435
-74.741
-74.7385
-74.736
-74.7335
-74.7311
-74.7286
-74.7262
-74.7237
-74.7213
-74.7189
-74.7164
-74.714
-74.7116
-74.7092
-74.7068
-74.7044
-74.702
-74.6996
-74.6973
-74.6949
-74.6925
-74.6902
-74.6878
-74.6854
-74.6831
-74.6808
-74.6784
-74.6761
-74.6738
-74.6715
-74.6692
-74.6669
-74.6646
-74.6623
-74.66
-74.6577
-74.6555
-74.6532
-74.6509
-74.6487
-74.6464
-74.6442
-74.642
-74.6397
-74.6375
-74.6353
-74.6331
-74.6309
-74.6287
-74.6265
-74.6243
-74.6221
-74.6199
-74.6178
-74.6156
-74.6134
-74.6113
-74.6092
-74.607
-74.6049
-74.6028
-74.6006
-74.5985
-74.5964
-74.5943
-74.5922
-74.5901
-74.588
-74.586
-74.5839
-74.5818
-74.5798
-74.5777
-74.5756
-74.5736
-74.5716
-74.5695
-74.5675
-74.5655
-74.5635
-74.5615
-74.5595
-74.5575
-74.5555
-74.5535
-74.5515
-74.5496
-74.5476
-74.5456
-74.5437
-74.5417
-74.5398
-74.5379
-74.5359
-74.534
-74.5321
-74.5302
-74.5283
-74.5264
-74.5245
-74.5226
-74.5207
-74.5188
-74.517
-74.5151
-74.5132
-74.5114
-74.5095
-74.5077
-74.5059
-74.504
-74.5022
-74.5004
-74.4986
-74.4968
-74.495
-74.4932
-74.4914
-74.4896
-74.4878
-74.4861
-74.4843
-74.4826
-74.4808
-74.4791
-74.4773
-74.4756
-74.4739
-74.4721
-74.4704
-74.4687
-74.467
-74.4653
-74.4636
-74.4619
-74.4602
-74.4586
-74.4569
-74.4552
-74.4536
-74.4519
-74.4503
-74.4486
-74.447
-74.4454
-74.4437
-74.4421
-74.4405
-74.4389
-74.4373
-74.4357
-74.4341
-74.4325
-74.431
-74.4294
-74.4278
-74.4263
-74.4247
-74.4232
-74.4216
-74.4201
-74.4185
-74.417
-74.4155
-74.414
-74.4125
-74.411
-74.4095
-74.408
-74.4065
-74.405
-74.4035
-74.402
-74.4006
-74.3991
-74.3977
-74.3962
-74.3948
-74.3933
-74.3919
-74.3905
-74.3891
-74.3876
-74.3862
-74.3848
-74.3834
-74.382
-74.3807
-74.3793
-74.3779
-74.3765
-74.3752
-74.3738
-74.3724
-74.3711
-74.3697
-74.3684
-74.3671
-74.3657
-74.3644
-74.3631
-74.3618
-74.3605
-74.3592
-74.3579
-74.3566
-74.3553
-74.354
-74.3528
-74.3515
-74.3502
-74.349
-74.3477
-74.3465
-74.3452
-74.344
-74.3428
-74.3415
-74.3403
-74.3391
-74.3379
-74.3367
-74.3355
-74.3343
-74.3331
-74.3319
-74.3307
-74.3296
-74.3284
-74.3272
-74.3261
-74.3249
-74.3238
-74.3226
-74.3215
-74.3204
-74.3192
-74.3181
-74.317
-74.3159
-74.3148
-74.3137
-74.3126
-74.3115
-74.3104
-74.3093
-74.3082
-74.3071
-74.3061
-74.305
-74.304
-74.3029
-74.3019
-74.3008
-74.2998
-74.2987
-74.2977
-74.2967
-74.2957
-74.2947
-74.2937
-74.2927
-74.2917
-74.2907
-74.2897
-74.2887
-74.2877
-74.2867
-74.2858
-74.2848
-74.2838
-74.2829
-74.2819
-74.281
-74.28
-74.2791
-74.2782
-74.2773
-74.2763
-74.2754
-74.2745
-74.2736
-74.2727
-74.2718
-74.2709
-74.27
-74.2691
-74.2682
-74.2674
-74.2665
-74.2656
-74.2648
-74.2639
-74.2631
-74.2622
-74.2614
-74.2605
-74.2597
-74.2589
-74.258
-74.2572
-74.2564
-74.2556
-74.2548
-74.254
-74.2532
-74.2524
-74.2516
-74.2508
-74.25
-74.2493
-74.2485
-74.2477
-74.247
-74.2462
-74.2454
-74.2447
-74.244
-74.2432
-74.2425
-74.2417
-74.241
-74.2403
-74.2396
-74.2389
-74.2381
-74.2374
-74.2367
-74.236
-74.2353
-74.2347
-74.234
-74.2333
-74.2326
-74.2319
-74.2313
-74.2306
-74.2299
-74.2293
-74.2286
-74.228
-74.2273
-74.2267
-74.2261
-74.2254
-74.2248
-74.2242
-74.2236
-74.2229
-74.2223
-74.2217
-74.2211
-74.2205
-74.2199
-74.2193
-74.2187
-74.2182
-74.2176
-74.217
-74.2164
-74.2159
-74.2153
-74.2147
-74.2142
-74.2136
-74.2131
-74.2125
-74.212
-74.2115
-74.2109
-74.2104
-74.2099
-74.2094
-74.2088
-74.2083
-74.2078
-74.2073
-74.2068
-74.2063
-74.2058
-74.2053
-74.2048
-74.2043
-74.2039
-74.2034
-74.2029
-74.2024
-74.202
-74.2015
-74.2011
-74.2006
-74.2001
-74.1997
-74.1993
-74.1988
-74.1984
-74.1979
-74.1975
-74.1971
-74.1967
-74.1962
-74.1958
-74.1954
-74.195
-74.1946
-74.1942
-74.1938
-74.1934
-74.193
-74.1926
-74.1922
-74.1919
-74.1915
-74.1911
-74.1907
-74.1904
-74.19
-74.1896
-74.1893
-74.1889
-74.1886
-74.1882
-74.1879
-74.1875
-74.1872
-74.1869
-74.1865
-74.1862
-74.1859
-74.1855
-74.1852
-74.1849
-74.1846
-74.1843
-74.184
-74.1837
-74.1834
-74.1831
-74.1828
-74.1825
-74.1822
-74.1819
-74.1816
-74.1814
-74.1811
-74.1808
-74.1806
-74.1803
-74.18
-74.1798
-74.1795
-74.1793
-74.179
-74.1788
-74.1785
-74.1783
-74.178
-74.1778
-74.1776
-74.1773
-74.1771
-74.1769
-74.1767
-74.1764
-74.1762
-74.176
-74.1758
-74.1756
-74.1754
-74.1752
-74.175
-74.1748
-74.1746
-74.1744
-74.1742
-74.174
-74.1739
-74.1737
-74.1735
-74.1733
-74.1732
-74.173
-74.1728
-74.1727
-74.1725
-74.1723
-74.1722
-74.172
-74.1719
-74.1717
-74.1716
-74.1714
-74.1713
-74.1712
-74.171
-74.1709
-74.1708
-74.1707
-74.1705
-74.1704
-74.1703
-74.1702
-74.1701
-74.1699
-74.1698
-74.1697
-74.1696
-74.1695
-74.1694
-74.1693
-74.1692
-74.1691
-74.1691
-74.169
-74.1689
-74.1688
-74.1687
-74.1687
-74.1686
-74.1685
-74.1684
-74.1684
-74.1683
-74.1682
-74.1682
-74.1681
-74.1681
-74.168
-74.168
-74.1679
-74.1679
-74.1678
-74.1678
-74.1677
-74.1677
-74.1677
-74.1676
-74.1676
-74.1676
-74.1675
-74.1675
-74.1675
-74.1675
-74.1675
-74.1674
-74.1674
-74.1674
-74.1674
-74.1674
-74.1674
-74.1674
-74.1674
-74.1674
-74.1674
-74.1674
-74.1674
-74.1674
-74.1674
-74.1674
-74.1675
-74.1675
-74.1675
-74.1675
-74.1675
-74.1676
-74.1676
-74.1676
-74.1677
-74.1677
-74.1677
-74.1678
-74.1678
-74.1678
-74.1679
-74.1679
-74.168
-74.168
-74.1681
-74.1681
-74.1682
-74.1682
-74.1683
-74.1683
-74.1684
-74.1685
-74.1685
-74.1686
-74.1687
-74.1687
-74.1688
-74.1689
-74.169
-74.169
-74.1691
-74.1692
-74.1693
-74.1694
-74.1694
-74.1695
-74.1696
-74.1697
-74.1698
-74.1699
-74.17
-74.1701
-74.1702
-74.1703
-74.1704
-74.1705
-74.1706
-74.1707
-74.1708
-74.1709
-74.171
-74.1711
-74.1713
-74.1714
-74.1715
-74.1716
-74.1717
-74.1719
-74.172
-74.1721
-74.1722
-74.1724
-74.1725
-74.1726
-74.1728
-74.1729
-74.173
-74.1732
-74.1733
-74.1734
-74.1736
-74.1737
-74.1739
-74.174
-74.1742
-74.1743
-74.1745
-74.1746
-74.1748
-74.1749
-74.1751
-74.1752
-74.1754
-74.1755
-74.1757
-74.1759
-74.176
-74.1762
-74.1764
-74.1765
-74.1767
-74.1769
-74.177
-74.1772
-74.1774
-74.1776
-74.1777
-74.1779
-74.1781
-74.1783
-74.1784
-74.1786
-74.1788
-74.179
-74.1792
-74.1794
-74.1796
-74.1797
-74.1799
-74.1801
-74.1803
-74.1805
-74.1807
-74.1809
-74.1811
-74.1813
-74.1815
-74.1817
-74.1819
-74.1821
-74.1823
-74.1825
-74.1827
-74.1829
-74.1831
-74.1833
-74.1835
-74.1837
-74.184
-74.1842
-74.1844
-74.1846
-74.1848
-74.185
-74.1852
-74.1855
-74.1857
-74.1859
-74.1861
-74.1863
-74.1866
-74.1868
-74.187
-74.1872
-74.1875
-74.1877
-74.1879
-74.1882
-74.1884
-74.1886
-74.1889
-74.1891
-74.1893
-74.1896
-74.1898
-74.19
-74.1903
-74.1905
-74.1907
-74.191
-74.1912
-74.1915
-74.1917
-74.1919
-74.1922
-74.1924
-74.1927
-74.1929
-74.1932
-74.1934
-74.1937
-74.1939
-74.1942
-74.1944
-74.1947
-74.1949
-74.1952
-74.1954
-74.1957
-74.1959
-74.1962
-74.1965
-74.1967
-74.197
-74.1972
-74.1975
-74.1977
-74.198
-74.1983
-74.1985
-74.1988
-74.1991
-74.1993
-74.1996
-74.1998
-74.2001
-74.2004
-74.2006
-74.2009
-74.2012
-74.2014
-74.2017
-74.202
-74.2023
-74.2025
-74.2028
-74.2031
-74.2033
-74.2036
-74.2039
-74.2042
-74.2044
-74.2047
-74.205
-74.2053
-74.2055
-74.2058
-74.2061
-74.2064
-74.2067
-74.2069
-74.2072
-74.2075
-74.2078
-74.2081
-74.2083
-74.2086
-74.2089
-74.2092
-74.2095
-74.2097
-74.21
-74.2103
-74.2106
-74.2109
-74.2112
-74.2115
-74.2117
-74.212
-74.2123
-74.2126
-74.2129
-74.2132
-74.2135
-74.2138
-74.2141
-74.2143
-74.2146
-74.2149
-74.2152
-74.2155
-74.2158
-74.2161
-74.2164
-74.2167
-74.217
-74.2173
-74.2176
-74.2178
-74.2181
-74.2184
-74.2187
-74.219
-74.2193
-74.2196
-74.2199
-74.2202
-74.2205
-74.2208
-74.2211
-74.2214
-74.2217
-74.222
-74.2223
-74.2226
-74.2229
-74.2232
-74.2235
-74.2238
-74.2241
-74.2244
-74.2247
-74.225
-74.2253
-74.2256
-74.2259
-74.2262
-74.2265
-74.2268
-74.2271
-74.2274
-74.2277
-74.228
-74.2283
-74.2286
-74.2289
-74.2292
-74.2295
-74.2298
-74.2301
-74.2304
-74.2307
-74.231
-74.2313
-74.2316
-74.2319
-74.2322
-74.2325
-74.2328
-74.2331
-74.2335
-74.2338
-74.2341
-74.2344
-74.2347
-74.235
-74.2353
-74.2356
-74.2359
-74.2362
-74.2365
-74.2368
-74.2371
-74.2374
-74.2377
-74.238
-74.2383
-74.2386
-74.2389
-74.2392
-74.2395
-74.2399
-74.2402
-74.2405
-74.2408
-74.2411
-74.2414
-74.2417
-74.242
-74.2423
-74.2426
-74.2429
-74.2432
-74.2435
-74.2438
-74.2441
-74.2444
-74.2447
-74.245
-74.2453
-74.2456
-74.246
-74.2463
-74.2466
-74.2469
-74.2472
-74.2475
-74.2478
-74.2481
-74.2484
-74.2487
-74.249
-74.2493
-74.2496
-74.2499
-74.2502
-74.2505
-74.2508
-74.2511
-74.2514
-74.2517
-74.252
-74.2523
-74.2526
-74.2529
-74.2532
-74.2536
-74.2539
-74.2542
-74.2545
-74.2548
-74.2551
-74.2554
-74.2557
-74.256
-74.2563
-74.2566
-74.2569
-74.2572
-74.2575
-74.2578
-74.2581
-74.2584
-74.2587
-74.259
-74.2593
-74.2596
-74.2599
-74.2602
-74.2605
-74.2608
-74.2611
-74.2614
-74.2617
-74.262
-74.2623
-74.2626
-74.2629
-74.2632
-74.2635
-74.2638
-74.2641
-74.2644
-74.2646
-74.2649
-74.2652
-74.2655
-74.2658
-74.2661
-74.2664
-74.2667
-74.267
-74.2673
-74.2676
-74.2679
-74.2682
-74.2685
-74.2688
-74.2691
-74.2694
-74.2697
-74.2699
-74.2702
-74.2705
-74.2708
-74.2711
-74.2714
-74.2717
-74.272
-74.2723
-74.2726
-74.2729
-74.2731
-74.2734
-74.2737
-74.274
-74.2743
-74.2746
-74.2749
-74.2752
-74.2754
-74.2757
-74.276
-74.2763
-74.2766
-74.2769
-74.2772
-74.2774
-74.2777
-74.278
-74.2783
-74.2786
-74.2789
-74.2792
-74.2794
-74.2797
-74.28
-74.2803
-74.2806
-74.2808
-74.2811
-74.2814
-74.2817
-74.282
-74.2822
-74.2825
-74.2828
-74.2831
-74.2834
-74.2836
-74.2839
-74.2842
-74.2845
-74.2847
-74.285
-74.2853
-74.2856
-74.2858
-74.2861
-74.2864
-74.2867
-74.2869
-74.2872
-74.2875
-74.2878
-74.288
-74.2883
-74.2886
-74.2888
-74.2891
-74.2894
-74.2897
-74.2899
-74.2902
-74.2905
-74.2907
-74.291
-74.2913
-74.2915
-74.2918
-74.2921
-74.2923
-74.2926
-74.2929
-74.2931
-74.2934
-74.2937
-74.2939
-74.2942
-74.2945
-74.2947
-74.295
-74.2952
-74.2955
-74.2958
-74.296
-74.2963
-74.2965
-74.2968
-74.2971
-74.2973
-74.2976
-74.2978
-74.2981
-74.2983
-74.2986
-74.2989
-74.2991
-74.2994
-74.2996
-74.2999
-74.3001
-74.3004
-74.3006
-74.3009
-74.3011
-74.3014
-74.3016
-74.3019
-74.3021
-74.3024
-74.3026
-74.3029
-74.3031
-74.3034
-74.3036
-74.3039
-74.3041
-74.3044
-74.3046
-74.3049
-74.3051
-74.3054
-74.3056
-74.3059
-74.3061
-74.3063
-74.3066
-74.3068
-74.3071
-74.3073
-74.3075
-74.3078
-74.308
-74.3083
-74.3085
-74.3087
-74.309
-74.3092
-74.3095
-74.3097
-74.3099
-74.3102
-74.3104
-74.3106
-74.3109
-74.3111
-74.3113
-74.3116
-74.3118
-74.312
-74.3123
-74.3125
-74.3127
-74.313
-74.3132
-74.3134
-74.3136
-74.3139
-74.3141
-74.3143
-74.3146
-74.3148
-74.315
-74.3152
-74.3155
-74.3157
-74.3159
-74.3161
-74.3164
-74.3166
-74.3168
-74.317
-74.3172
-74.3175
-74.3177
-74.3179
-74.3181
-74.3183
-74.3186
-74.3188
-74.319
-74.3192
-74.3194
-74.3196
-74.3199
-74.3201
-74.3203
-74.3205
-74.3207
-74.3209
-74.3211
-74.3214
-74.3216
-74.3218
-74.322
-74.3222
-74.3224
-74.3226
-74.3228
-74.323
-74.3232
-74.3234
-74.3237
-74.3239
-74.3241
-74.3243
-74.3245
-74.3247
-74.3249
-74.3251
-74.3253
-74.3255
-74.3257
-74.3259
-74.3261
-74.3263
-74.3265
-74.3267
-74.3269
-74.3271
-74.3273
-74.3275
-74.3277
-74.3279
-74.3281
-74.3283
-74.3285
-74.3287
-74.3289
-74.3291
-74.3292
-74.3294
-74.3296
-74.3298
-74.33
-74.3302
-74.3304
-74.3306
-74.3308
-74.331
-74.3312
-74.3313
-74.3315
-74.3317
-74.3319
-74.3321
-74.3323
-74.3325
-74.3326
-74.3328
-74.333
-74.3332
-74.3334
-74.3336
-74.3337
-74.3339
-74.3341
-74.3343
-74.3345
-74.3346
-74.3348
-74.335
-74.3352
-74.3353
-74.3355
-74.3357
-74.3359
-74.3361
-74.3362
-74.3364
-74.3366
-74.3367
-74.3369
-74.3371
-74.3373
-74.3374
-74.3376
-74.3378
-74.3379
-74.3381
-74.3383
-74.3384
-74.3386
-74.3388
-74.339
-74.3391
-74.3393
-74.3394
-74.3396
-74.3398
-74.3399
-74.3401
-74.3403
-74.3404
-74.3406
-74.3408
-74.3409
-74.3411
-74.3412
-74.3414
-74.3416
-74.3417
-74.3419
-74.342
-74.3422
-74.3423
-74.3425
-74.3427
-74.3428
-74.343
-74.3431
-74.3433
-74.3434
-74.3436
-74.3437
-74.3439
-74.344
-74.3442
-74.3443
-74.3445
-74.3446
-74.3448
-74.3449
-74.3451
-74.3452
-74.3454
-74.3455
-74.3457
-74.3458
-74.346
-74.3461
-74.3462
-74.3464
-74.3465
-74.3467
-74.3468
-74.347
-74.3471
-74.3472
-74.3474
-74.3475
-74.3477
-74.3478
-74.3479
-74.3481
-74.3482
-74.3484
-74.3485
-74.3486
-74.3488
-74.3489
-74.349
-74.3492
-74.3493
-74.3494
-74.3496
-74.3497
-74.3498
-74.35
-74.3501
-74.3502
-74.3504
-74.3505
-74.3506
-74.3507
-74.3509
-74.351
-74.3511
-74.3513
-74.3514
-74.3515
-74.3516
-74.3518
-74.3519
-74.352
-74.3521
-74.3523
-74.3524
-74.3525
-74.3526
-74.3527
-74.3529
-74.353
-74.3531
-74.3532
-74.3533
-74.3535
-74.3536
-74.3537
-74.3538
-74.3539
-74.3541
-74.3542
-74.3543
-74.3544
-74.3545
-74.3546
-74.3547
-74.3549
-74.355
-74.3551
-74.3552
-74.3553
-74.3554
-74.3555
-74.3556
-74.3557
-74.3559
-74.356
-74.3561
-74.3562
-74.3563
-74.3564
-74.3565
-74.3566
-74.3567
-74.3568
-74.3569
-74.357
-74.3571
-74.3572
-74.3573
-74.3575
-74.3576
-74.3577
-74.3578
-74.3579
-74.358
-74.3581
-74.3582
-74.3583
-74.3584
-74.3585
-74.3586
-74.3587
-74.3588
-74.3589
-74.3589
-74.359
-74.3591
-74.3592
-74.3593
-74.3594
-74.3595
-74.3596
-74.3597
-74.3598
-74.3599
-74.36
-74.3601
-74.3602
-74.3603
-74.3604
-74.3604
-74.3605
-74.3606
-74.3607
-74.3608
-74.3609
-74.361
-74.3611
-74.3612
-74.3612
-74.3613
-74.3614
-74.3615
-74.3616
-74.3617
-74.3618
-74.3618
-74.3619
-74.362
-74.3621
-74.3622
-74.3623
-74.3623
-74.3624
-74.3625
-74.3626
-74.3627
-74.3627
-74.3628
-74.3629
-74.363
-74.3631
-74.3631
-74.3632
-74.3633
-74.3634
-74.3634
-74.3635
-74.3636
-74.3637
-74.3637
-74.3638
-74.3639
-74.364
-74.364
-74.3641
-74.3642
-74.3643
-74.3643
-74.3644
-74.3645
-74.3645
-74.3646
-74.3647
-74.3647
-74.3648
-74.3649
-74.365
-74.365
-74.3651
-74.3652
-74.3652
-74.3653
-74.3654
-74.3654
-74.3655
-74.3656
-74.3656
-74.3657
-74.3657
-74.3658
-74.3659
-74.3659
-74.366
-74.3661
-74.3661
-74.3662
-74.3662
-74.3663
-74.3664
-74.3664
-74.3665
-74.3666
-74.3666
-74.3667
-74.3667
-74.3668
-74.3668
-74.3669
-74.367
-74.367
-74.3671
-74.3671
-74.3672
-74.3672
-74.3673
-74.3674
-74.3674
-74.3675
-74.3675
-74.3676
-74.3676
-74.3677
-74.3677
-74.3678
-74.3678
-74.3679
-74.3679
-74.368
-74.368
-74.3681
-74.3681
-74.3682
-74.3682
-74.3683
-74.3683
-74.3684
-74.3684
-74.3685
-74.3685
-74.3686
-74.3686
-74.3687
-74.3687
-74.3688
-74.3688
-74.3688
-74.3689
-74.3689
-74.369
-74.369
-74.3691
-74.3691
-74.3692
-74.3692
-74.3692
-74.3693
-74.3693
-74.3694
-74.3694
-74.3695
-74.3695
-74.3695
-74.3696
-74.3696
-74.3697
-74.3697
-74.3697
-74.3698
-74.3698
-74.3698
-74.3699
-74.3699
-74.37
-74.37
-74.37
-74.3701
-74.3701
-74.3701
-74.3702
-74.3702
-74.3702
-74.3703
-74.3703
-74.3704
-74.3704
-74.3704
-74.3705
-74.3705
-74.3705
-74.3706
-74.3706
-74.3706
-74.3706
-74.3707
-74.3707
-74.3707
-74.3708
-74.3708
-74.3708
-74.3709
-74.3709
-74.3709
-74.371
-74.371
-74.371
-74.371
-74.3711
-74.3711
-74.3711
-74.3711
-74.3712
-74.3712
-74.3712
-74.3713
-74.3713
-74.3713
-74.3713
-74.3714
-74.3714
-74.3714
-74.3714
-74.3715
-74.3715
-74.3715
-74.3715
-74.3715
-74.3716
-74.3716
-74.3716
-74.3716
-74.3717
-74.3717
-74.3717
-74.3717
-74.3717
-74.3718
-74.3718
-74.3718
-74.3718
-74.3718
-74.3719
-74.3719
-74.3719
-74.3719
-74.3719
-74.372
-74.372
-74.372
-74.372
-74.372
-74.3721
-74.3721
-74.3721
-74.3721
-74.3721
-74.3721
-74.3722
-74.3722
-74.3722
-74.3722
-74.3722
-74.3722
-74.3722
-74.3723
-74.3723
-74.3723
-74.3723
-74.3723
-74.3723
-74.3723
-74.3724
-74.3724
-74.3724
-74.3724
-74.3724
-74.3724
-74.3724
-74.3724
-74.3724
-74.3725
-74.3725
-74.3725
-74.3725
-74.3725
-74.3725
-74.3725
-74.3725
-74.3725
-74.3725
-74.3726
-74.3726
-74.3726
-74.3726
-74.3726
-74.3726
-74.3726
-74.3726
-74.3726
-74.3726
-74.3726
-74.3726
-74.3727
-74.3727
-74.3727
-74.3727
-74.3727
-74.3727
-74.3727
-74.3727
-74.3727
-74.3727
-74.3727
-74.3727
-74.3727
-74.3727
-74.3727
-74.3727
-74.3727
-74.3727
-74.3727
-74.3727
-74.3727
-74.3728
-74.3728
-74.3728
-74.3728
-74.3728
-74.3728
-74.3728
-74.3728
-74.3728
-74.3728
-74.3728
-74.3728
-74.3728
-74.3728
-74.3728
-74.3728
-74.3728
-74.3728

