-70
-70
-70
-70
-70
-70
-70
-70.0001
-70.0001
-70.0001
-70.0001
-70.0001
-70.0001
-70.0001
-70.0002
-70.0002
-70.0002
-70.0002
-70.0002
-70.0003
-70.0003
-70.0003
-70.0003
-70.0003
-70.0004
-70.0004
-70.0004
-70.0004
-70.0005
-70.0005
-70.0005
-70.0005
-70.0006
-70.0006
-70.0006
-70.0007
-70.0007
-70.0007
-70.0007
-70.0008
-70.0008
-70.0008
-70.0009
-70.0009
-70.0009
-70.001
-70.001
-70.001
-70.001
-70.0011
-70.0011
-70.0011
-70.0012
-70.0012
-70.0012
-70.0013
-70.0013
-70.0013
-70.0014
-70.0014
-70.0015
-70.0015
-70.0015
-70.0016
-70.0016
-70.0016
-70.0017
-70.0017
-70.0017
-70.0018
-70.0018
-70.0018
-70.0019
-70.0019
-70.0019
-70.002
-70.002
-70.0021
-70.0021
-70.0021
-70.0022
-70.0022
-70.0022
-70.0023
-70.0023
-70.0023
-70.0024
-70.0024
-70.0025
-70.0025
-70.0025
-70.0026
-70.0026
-70.0026
-70.0027
-70.0027
-70.0028
-70.0028
-70.0028
-70.0029
-70.0029
-70.5593
-70.8719
-71.1037
-71.2906
-71.4484
-71.5859
-71.7084
-71.8195
-71.9217
-72.0169
-72.1064
-72.1913
-72.2723
-72.3501
-72.425
-72.4976
-72.5682
-72.6369
-72.704
-72.7697
-72.8341
-72.8973
-72.9595
-73.0207
-73.081
-73.1405
-73.1992
-73.2572
-73.3145
-73.3711
-73.4272
-73.4826
-73.5376
-73.5919
-73.6458
-73.6992
-73.7521
-73.8046
-73.8567
-73.9083
-73.9595
-74.0104
-74.0608
-74.1109
-74.1606
-74.21
-74.259
-74.3077
-74.3561
-74.4042
-74.452
-74.4994
-74.5466
-74.5935
-74.6401
-74.6864
-74.7324
-74.7782
-74.8237
-74.869
-74.914
-74.9588
-75.0033
-75.0476
-75.0917
-75.1355
-75.1791
-75.2225
-75.2656
-75.3086
-75.3513
-75.3938
-75.4361
-75.4782
-75.5201
-75.5618
-75.6033
-75.6446
-75.6857
-75.7267
-75.7674
-75.8079
-75.8483
-75.8885
-75.9285
-75.9683
-76.008
-76.0474
-76.0867
-76.1259
-76.1648
-76.2036
-76.2423
-76.2807
-76.319
-76.3572
-76.3951
-76.433
-76.4706
-76.5081
-76.5455
-76.5827
-76.6197
-76.6566
-76.6934
-76.73
-76.7664
-76.8028
-76.8389
-76.8749
-76.9108
-76.9465
-76.9821
-77.0176
-77.0529
-77.0881
-77.1231
-77.158
-77.1928
-77.2274
-77.2619
-77.2963
-77.3306
-77.3647
-77.3986
-77.4325
-77.4662
-77.4998
-77.5333
-77.5666
-77.5998
-77.6329
-77.6659
-77.6987
-77.7314
-77.764
-77.7965
-77.8289
-77.8611
-77.8932
-77.9252
-77.9571
-77.9889
-78.0205
-78.0521
-78.0835
-78.1148
-78.146
-78.177
-78.208
-78.2389
-78.2696
-78.3002
-78.3307
-78.3611
-78.3914
-78.4216
-78.4517
-78.4817
-78.5115
-78.5413
-78.5709
-78.6004
-78.6299
-78.6592
-78.6884
-78.7175
-78.7465
-78.7754
-78.8043
-78.833
-78.8615
-78.89
-78.9184
-78.9467
-78.9749
-79.003
-79.031
-79.0589
-79.0867
-79.1144
-79.142
-79.1695
-79.1969
-79.2242
-79.2514
-79.2785
-79.3055
-79.3324
-79.3592
-79.3859
-79.4126
-79.4391
-79.4655
-79.4919
-79.5181
-79.5443
-79.5703
-79.5963
-79.6222
-79.648
-79.6737
-79.6993
-79.7248
-79.7502
-79.7755
-79.8008
-79.8259
-79.851
-79.876
-79.9008
-79.9256
-79.9503
-79.9749
-79.9995
-80.0239
-80.0483
-80.0725
-80.0967
-80.1208
-80.1448
-80.1687
-80.1925
-80.2163
-80.2399
-80.2635
-80.287
-80.3104
-80.3337
-80.3569
-80.3801
-80.4031
-80.4261
-80.449
-80.4718
-80.4946
-80.5172
-80.5398
-80.5623
-80.5847
-80.607
-80.6292
-80.6514
-80.6735
-80.6954
-80.7174
-80.7392
-80.7609
-80.7826
-80.8042
-80.8257
-80.8471
-80.8685
-80.8898
-80.911
-80.9321
-80.9531
-80.9741
-80.9949
-81.0157
-81.0365
-81.0571
-81.0777
-81.0982
-81.1186
-81.1389
-81.1592
-81.1794
-81.1995
-81.2195
-81.2394
-81.2593
-81.2791
-81.2988
-81.3185
-81.3381
-81.3576
-81.377
-81.3963
-81.4156
-81.4348
-81.4539
-81.473
-81.492
-81.5109
-81.5297
-81.5484
-81.5671
-81.5857
-81.6043
-81.6227
-81.6411
-81.6595
-81.6777
-81.6959
-81.714
-81.732
-81.75
-81.7678
-81.7857
-81.8034
-81.8211
-81.8387
-81.8562
-81.8737
-81.891
-81.9084
-81.9256
-81.9428
-81.9599
-81.9769
-81.9939
-82.0108
-82.0276
-82.0444
-82.0611
-82.0777
-82.0942
-82.1107
-82.1271
-82.1435
-82.1598
-82.176
-82.1921
-82.2082
-82.2242
-82.2401
-82.256
-82.2718
-82.2875
-82.3032
-82.3188
-82.3343
-82.3498
-82.3652
-82.3805
-82.3958
-82.411
-82.4261
-82.4412
-82.4562
-82.4711
-82.486
-82.5008
-82.5155
-82.5302
-82.5448
-82.5594
-82.5738
-82.5883
-82.6026
-82.6169
-82.6311
-82.6453
-82.6593
-82.6734
-82.6873
-82.7012
-82.7151
-82.7288
-82.7426
-82.7562
-82.7698
-82.7833
-82.7968
-82.8101
-82.8235
-82.8367
-82.85
-82.8631
-82.8762
-82.8892
-82.9021
-82.915
-82.9279
-82.9406
-82.9534
-82.966
-82.9786
-82.9911
-83.0036
-83.016
-83.0283
-83.0406
-83.0528
-83.065
-83.0771
-83.0891
-83.1011
-83.113
-83.1249
-83.1367
-83.1484
-83.1601
-83.1717
-83.1833
-83.1948
-83.2062
-83.2176
-83.2289
-83.2402
-83.2514
-83.2626
-83.2736
-83.2847
-83.2957
-83.3066
-83.3174
-83.3282
-83.339
-83.3497
-83.3603
-83.3709
-83.3814
-83.3918
-83.4022
-83.4126
-83.4228
-83.4331
-83.4432
-83.4534
-83.4634
-83.4734
-83.4834
-83.4933
-83.5031
-83.5129
-83.5226
-83.5323
-83.5419
-83.5514
-83.5609
-83.5704
-83.5798
-83.5891
-83.5984
-83.6076
-83.6168
-83.6259
-83.6349
-83.644
-83.6529
-83.6618
-83.6707
-83.6794
-83.6882
-83.6969
-83.7055
-83.7141
-83.7226
-83.7311
-83.7395
-83.7479
-83.7562
-83.7644
-83.7726
-83.7808
-83.7889
-83.797
-83.805
-83.8129
-83.8208
-83.8286
-83.8364
-83.8442
-83.8519
-83.8595
-83.8671
-83.8746
-83.8821
-83.8895
-83.8969
-83.9042
-83.9115
-83.9188
-83.9259
-83.9331
-83.9401
-83.9472
-83.9542
-83.9611
-83.968
-83.9748
-83.9816
-83.9883
-83.995
-84.0016
-84.0082
-84.0148
-84.0212
-84.0277
-84.0341
-84.0404
-84.0467
-84.053
-84.0592
-84.0653
-84.0714
-84.0775
-84.0835
-84.0894
-84.0953
-84.1012
-84.107
-84.1128
-84.1185
-84.1242
-84.1298
-84.1354
-84.141
-84.1465
-84.1519
-84.1573
-84.1627
-84.168
-84.1732
-84.1784
-84.1836
-84.1887
-84.1938
-84.1988
-84.2038
-84.2088
-84.2137
-84.2185
-84.2233
-84.2281
-84.2328
-84.2375
-84.2422
-84.2467
-84.2513
-84.2558
-84.2602
-84.2647
-84.269
-84.2734
-84.2776
-84.2819
-84.2861
-84.2902
-84.2944
-84.2984
-84.3025
-84.3064
-84.3104
-84.3143
-84.3181
-84.322
-84.3257
-84.3295
-84.3332
-84.3368
-84.3404
-84.344
-84.3475
-84.351
-84.3545
-84.3579
-84.3612
-84.3645
-84.3678
-84.3711
-84.3743
-84.3774
-84.3806
-84.3836
-84.3867
-84.3897
-84.3926
-84.3956
-84.3985
-84.4013
-84.4041
-84.4069
-84.4096
-84.4123
-84.4149
-84.4176
-84.4201
-84.4227
-84.4252
-84.4276
-84.4301
-84.4324
-84.4348
-84.4371
-84.4394
-84.4416
-84.4438
-84.446
-84.4481
-84.4502
-84.4522
-84.4542
-84.4562
-84.4582
-84.4601
-84.4619
-84.4638
-84.4656
-84.4673
-84.469
-84.4707
-84.4724
-84.474
-84.4756
-84.4771
-84.4787
-84.4801
-84.4816
-84.483
-84.4844
-84.4857
-84.487
-84.4883
-84.4895
-84.4907
-84.4919
-84.493
-84.4941
-84.4952
-84.4962
-84.4972
-84.4982
-84.4992
-84.5001
-84.5009
-84.5018
-84.5026
-84.5033
-84.5041
-84.5048
-84.5055
-84.5061
-84.5067
-84.5073
-84.5079
-84.5084
-84.5089
-84.5093
-84.5098
-84.5101
-84.5105
-84.5108
-84.5111
-84.5114
-84.5117
-84.5119
-84.512
-84.5122
-84.5123
-84.5124
-84.5125
-84.5125
-84.5125
-84.5125
-84.5124
-84.5123
-84.5122
-84.5121
-84.5119
-84.5117
-84.5114
-84.5112
-84.5109
-84.5106
-84.5102
-84.5099
-84.5095
-84.509
-84.5086
-84.5081
-84.5076
-84.507
-84.5065
-84.5059
-84.5052
-84.5046
-84.5039
-84.5032
-84.5025
-84.5017
-84.501
-84.5001
-84.4993
-84.4985
-84.4976
-84.4967
-84.4957
-84.4948
-84.4938
-84.4928
-84.4917
-84.4906
-84.4896
-84.4884
-84.4873
-84.4861
-84.485
-84.4837
-84.4825
-84.4812
-84.48
-84.4786
-84.4773
-84.4759
-84.4746
-84.4732
-84.4717
-84.4703
-84.4688
-84.4673
-84.4658
-84.4642
-84.4627
-84.4611
-84.4595
-84.4578
-84.4562
-84.4545
-84.4528
-84.4511
-84.4493
-84.4475
-84.4457
-84.4439
-84.4421
-84.4402
-84.4384
-84.4365
-84.4345
-84.4326
-84.4306
-84.4287
-84.4267
-84.4246
-84.4226
-84.4205
-84.4184
-84.4163
-84.4142
-84.4121
-84.4099
-84.4077
-84.4055
-84.4033
-84.401
-84.3988
-84.3965
-84.3942
-84.3919
-84.3895
-84.3872
-84.3848
-84.3824
-84.38
-84.3775
-84.3751
-84.3726
-84.3701
-84.3676
-84.3651
-84.3625
-84.36
-84.3574
-84.3548
-84.3522
-84.3496
-84.3469
-84.3443
-84.3416
-84.3389
-84.3362
-84.3334
-84.3307
-84.3279
-84.3251
-84.3223
-84.3195
-84.3167
-84.3138
-84.311
-84.3081
-84.3052
-84.3023
-84.2994
-84.2964
-84.2935
-84.2905
-84.2875
-84.2845
-84.2815
-84.2784
-84.2754
-84.2723
-84.2692
-84.2662
-84.2631
-84.2599
-84.2568
-84.2536
-84.2505
-84.2473
-84.2441
-84.2409
-84.2377
-84.2345
-84.2312
-84.228
-84.2247
-84.2214
-84.2181
-84.2148
-84.2115
-84.2081
-84.2048
-84.2014
-84.198
-84.1946
-84.1912
-84.1878
-84.1844
-84.181
-84.1775
-84.1741
-84.1706
-84.1671
-84.1636
-84.1601
-84.1566
-84.153
-84.1495
-84.146
-84.1424
-84.1388
-84.1352
-84.1316
-84.128
-84.1244
-84.1208
-84.1171
-84.1135
-84.1098
-84.1061
-84.1025
-84.0988
-84.0951
-84.0914
-84.0876
-84.0839
-84.0802
-84.0764
-84.0726
-84.0689
-84.0651
-84.0613
-84.0575
-84.0537
-84.0499
-84.0461
-84.0422
-84.0384
-84.0345
-84.0307
-84.0268
-84.0229
-84.019
-84.0152
-84.0113
-84.0073
-84.0034
-83.9995
-83.9956
-83.9916
-83.9877
-83.9837
-83.9797
-83.9758
-83.9718
-83.9678
-83.9638
-83.9598
-83.9558
-83.9518
-83.9478
-83.9437
-83.9397
-83.9357
-83.9316
-83.9276
-83.9235
-83.9194
-83.9153
-83.9113
-83.9072
-83.9031
-83.899
-83.8949
-83.8908
-83.8866
-83.8825
-83.8784
-83.8743
-83.8701
-83.866
-83.8618
-83.8577
-83.8535
-83.8493
-83.8452
-83.841
-83.8368
-83.8326
-83.8284
-83.8242
-83.82
-83.8158
-83.8116
-83.8074
-83.8032
-83.7989
-83.7947
-83.7905
-83.7862
-83.782
-83.7778
-83.7735
-83.7693
-83.765
-83.7607
-83.7565
-83.7522
-83.7479
-83.7437
-83.7394
-83.7351
-83.7308
-83.7265
-83.7222
-83.718
-83.7137
-83.7094
-83.7051
-83.7007
-83.6964
-83.6921
-83.6878
-83.6835
-83.6792
-83.6749
-83.6705
-83.6662
-83.6619
-83.6575
-83.6532
-83.6489
-83.6445
-83.6402
-83.6359
-83.6315
-83.6272
-83.6228
-83.6185
-83.6141
-83.6098
-83.6054
-83.6011
-83.5967
-83.5924
-83.588
-83.5837
-83.5793
-83.5749
-83.5706
-83.5662
-83.5618
-83.5575
-83.5531
-83.5487
-83.5444
-83.54
-83.5356
-83.5313
-83.5269
-83.5225
-83.5182
-83.5138
-83.5094
-83.5051
-83.5007
-83.4963
-83.4919
-83.4876
-83.4832
-83.4788
-83.4745
-83.4701
-83.4657
-83.4614
-83.457
-83.4526
-83.4482
-83.4439
-83.4395
-83.4351
-83.4308
-83.4264
-83.422
-83.4177
-83.4133
-83.409
-83.4046
-83.4002
-83.3959
-83.3915
-83.3872
-83.3828
-83.3785
-83.3741
-83.3698
-83.3654
-83.3611
-83.3567
-83.3524
-83.348
-83.3437
-83.3393
-83.335
-83.3307
-83.3263
-83.322
-83.3177
-83.3133
-83.309
-83.3047
-83.3004
-83.296
-83.2917
-83.2874
-83.2831
-83.2788
-83.2745
-83.2702
-83.2658
-83.2615
-83.2572
-83.2529
-83.2487
-83.2444
-83.2401
-83.2358
-83.2315
-83.2272
-83.2229
-83.2187
-83.2144
-83.2101
-83.2059
-83.2016
-83.1973
-83.1931
-83.1888
-83.1846
-83.1803
-83.1761
-83.1718
-83.1676
-83.1634
-83.1591
-83.1549
-83.1507
-83.1464
-83.1422
-83.138
-83.1338
-83.1296
-83.1254
-83.1212
-83.117
-83.1128
-83.1086
-83.1044
-83.1002
-83.0961
-83.0919
-83.0877
-83.0836
-83.0794
-83.0752
-83.0711
-83.0669
-83.0628
-83.0587
-83.0545
-83.0504
-83.0463
-83.0421
-83.038
-83.0339
-83.0298
-83.0257
-83.0216
-83.0175
-83.0134
-83.0093
-83.0052
-83.0012
-82.9971
-82.993
-82.989
-82.9849
-82.9808
-82.9768
-82.9727
-82.9687
-82.9647
-82.9606
-82.9566
-82.9526
-82.9486
-82.9446
-82.9406
-82.9366
-82.9326
-82.9286
-82.9246
-82.9206
-82.9166
-82.9127
-82.9087
-82.9048
-82.9008
-82.8969
-82.8929
-82.889
-82.885
-82.8811
-82.8772
-82.8733
-82.8694
-82.8655
-82.8616
-82.8577
-82.8538
-82.8499
-82.846
-82.8422
-82.8383
-82.8344
-82.8306
-82.8267
-82.8229
-82.8191
-82.8152
-82.8114
-82.8076
-82.8038
-82.8
-82.7962
-82.7924
-82.7886
-82.7848
-82.781
-82.7773
-82.7735
-82.7697
-82.766
-82.7622
-82.7585
-82.7548
-82.751
-82.7473
-82.7436
-82.7399
-82.7362
-82.7325
-82.7288
-82.7251
-82.7214
-82.7177
-82.7141
-82.7104
-82.7068
-82.7031
-82.6995
-82.6959
-82.6922
-82.6886
-82.685
-82.6814
-82.6778
-82.6742
-82.6706
-82.667
-82.6634
-82.6599
-82.6563
-82.6527
-82.6492
-82.6457
-82.6421
-82.6386
-82.6351
-82.6316
-82.628
-82.6245
-82.621
-82.6176
-82.6141
-82.6106
-82.6071
-82.6037
-82.6002
-82.5968
-82.5933
-82.5899
-82.5865
-82.583
-82.5796
-82.5762
-82.5728
-82.5694
-82.566
-82.5627
-82.5593
-82.5559
-82.5526
-82.5492
-82.5459
-82.5425
-82.5392
-82.5359
-82.5325
-82.5292
-82.5259
-82.5226
-82.5193
-82.5161
-82.5128
-82.5095
-82.5063
-82.503
-82.4998
-82.4965
-82.4933
-82.4901
-82.4868
-82.4836
-82.4804
-82.4772
-82.474
-82.4709
-82.4677
-82.4645
-82.4613
-82.4582
-82.455
-82.4519
-82.4488
-82.4456
-82.4425
-82.4394
-82.4363
-82.4332
-82.4301
-82.427
-82.424
-82.4209
-82.4178
-82.4148
-82.4117
-82.4087
-82.4057
-82.4027
-82.3996
-82.3966
-82.3936
-82.3906
-82.3876
-82.3847
-82.3817
-82.3787
-82.3758
-82.3728
-82.3699
-82.3669
-82.364
-82.3611
-82.3582
-82.3553
-82.3524
-82.3495
-82.3466
-82.3437
-82.3408
-82.338
-82.3351
-82.3323
-82.3294
-82.3266
-82.3238
-82.321
-82.3181
-82.3153
-82.3125
-82.3098
-82.307
-82.3042
-82.3014
-82.2987
-82.2959
-82.2932
-82.2904
-82.2877
-82.285
-82.2823
-82.2796
-82.2769
-82.2742
-82.2715
-82.2688
-82.2661
-82.2635
-82.2608
-82.2582
-82.2555
-82.2529
-82.2503
-82.2476
-82.245
-82.2424
-82.2398
-82.2372
-82.2346
-82.2321
-82.2295
-82.2269
-82.2244
-82.2218
-82.2193
-82.2168
-82.2143
-82.2117
-82.2092
-82.2067
-82.2042
-82.2017
-82.1993
-82.1968
-82.1943
-82.1919
-82.1894
-82.187
-82.1845
-82.1821
-82.1797
-82.1773
-82.1749
-82.1725
-82.1701
-82.1677
-82.1653
-82.1629
-82.1606
-82.1582
-82.1559
-82.1535
-82.1512
-82.1489
-82.1466
-82.1442
-82.1419
-82.1396
-82.1374
-82.1351
-82.1328
-82.1305
-82.1283
-82.126
-82.1238
-82.1215
-82.1193
-82.1171
-82.1149
-82.1126
-82.1104
-82.1082
-82.1061
-82.1039
-82.1017
-82.0995
-82.0974
-82.0952
-82.0931
-82.0909
-82.0888
-82.0867
-82.0846
-82.0825
-82.0803
-82.0783
-82.0762
-82.0741
-82.072
-82.0699
-82.0679
-82.0658
-82.0638
-82.0617
-82.0597
-82.0577
-82.0557
-82.0537
-82.0516
-82.0497
-82.0477
-82.0457
-82.0437
-82.0417
-82.0398
-82.0378
-82.0359
-82.0339
-82.032
-82.0301
-82.0281
-82.0262
-82.0243
-82.0224
-82.0205
-82.0186
-82.0168
-82.0149
-82.013
-82.0112
-82.0093
-82.0075
-82.0056
-82.0038
-82.002
-82.0002
-81.9984
-81.9965
-81.9948
-81.993
-81.9912
-81.9894
-81.9876
-81.9859
-81.9841
-81.9824
-81.9806
-81.9789
-81.9772
-81.9754
-81.9737
-81.972
-81.9703
-81.9686
-81.9669
-81.9652
-81.9636
-81.9619
-81.9602
-81.9586
-81.9569
-81.9553
-81.9536
-81.952
-81.9504
-81.9488
-81.9472
-81.9456
-81.944
-81.9424
-81.9408
-81.9392
-81.9376
-81.9361
-81.9345
-81.933
-81.9314
-81.9299
-81.9284
-81.9268
-81.9253
-81.9238
-81.9223
-81.9208
-81.9193
-81.9178
-81.9163
-81.9148
-81.9134
-81.9119
-81.9105
-81.909
-81.9076
-81.9061
-81.9047
-81.9033
-81.9019
-81.9004
-81.899
-81.8976
-81.8962
-81.8949
-81.8935
-81.8921
-81.8907
-81.8894
-81.888
-81.8867
-81.8853
-81.884
-81.8826
-81.8813
-81.88
-81.8787
-81.8774
-81.8761
-81.8748
-81.8735
-81.8722
-81.8709
-81.8697
-81.8684
-81.8671
-81.8659
-81.8646
-81.8634
-81.8622
-81.8609
-81.8597
-81.8585
-81.8573
-81.8561
-81.8549
-81.8537
-81.8525
-81.8513
-81.8501
-81.849
-81.8478
-81.8466
-81.8455
-81.8443
-81.8432
-81.842
-81.8409
-81.8398
-81.8387
-81.8376
-81.8364
-81.8353
-81.8342
-81.8332
-81.8321
-81.831
-81.8299
-81.8288
-81.8278
-81.8267
-81.8257
-81.8246
-81.8236
-81.8225
-81.8215
-81.8205
-81.8195
-81.8185
-81.8174
-81.8164
-81.8154
-81.8145
-81.8135
-81.8125
-81.8115
-81.8105
-81.8096
-81.8086
-81.8077
-81.8067
-81.8058
-81.8048
-81.8039
-81.803
-81.802
-81.8011
-81.8002
-81.7993
-81.7984
-81.7975
-81.7966
-81.7957
-81.7949
-81.794
-81.7931
-81.7922
-81.7914
-81.7905
-81.7897
-81.7888
-81.788
-81.7872
-81.7863
-81.7855
-81.7847
-81.7839
-81.7831
-81.7822
-81.7814
-81.7807
-81.7799
-81.7791
-81.7783
-81.7775
-81.7768
-81.776
-81.7752
-81.7745
-81.7737
-81.773
-81.7722
-81.7715
-81.7708
-81.77
-81.7693
-81.7686
-81.7679
-81.7672
-81.7665
-81.7658
-81.7651
-81.7644
-81.7637
-81.763
-81.7624
-81.7617
-81.761
-81.7604
-81.7597
-81.7591
-81.7584
-81.7578
-81.7571
-81.7565
-81.7559
-81.7552
-81.7546
-81.754
-81.7534
-81.7528
-81.7522
-81.7516
-81.751
-81.7504
-81.7498
-81.7492
-81.7487
-81.7481
-81.7475
-81.747
-81.7464
-81.7459
-81.7453
-81.7448
-81.7442
-81.7437
-81.7432
-81.7426
-81.7421
-81.7416
-81.7411
-81.7406
-81.7401
-81.7396
-81.7391
-81.7386
-81.7381
-81.7376
-81.7371
-81.7366
-81.7362
-81.7357
-81.7352
-81.7348
-81.7343
-81.7338
-81.7334
-81.733
-81.7325
-81.7321
-81.7316
-81.7312
-81.7308
-81.7304
-81.7299
-81.7295
-81.7291
-81.7287
-81.7283
-81.7279
-81.7275
-81.7271
-81.7267
-81.7264
-81.726
-81.7256
-81.7252
-81.7249
-81.7245
-81.7242
-81.7238
-81.7234
-81.7231
-81.7227
-81.7224
-81.7221
-81.7217
-81.7214
-81.7211
-81.7208
-81.7204
-81.7201
-81.7198
-81.7195
-81.7192
-81.7189
-81.7186
-81.7183
-81.718
-81.7177
-81.7174
-81.7172
-81.7169
-81.7166
-81.7163
-81.7161
-81.7158
-81.7156
-81.7153
-81.715
-81.7148
-81.7145
-81.7143
-81.7141
-81.7138
-81.7136
-81.7134
-81.7131
-81.7129
-81.7127
-81.7125
-81.7123
-81.7121
-81.7119
-81.7117
-81.7115
-81.7113
-81.7111
-81.7109
-81.7107
-81.7105
-81.7103
-81.7101
-81.71
-81.7098
-81.7096
-81.7095
-81.7093
-81.7091
-81.709
-81.7088
-81.7087
-81.7085
-81.7084
-81.7082
-81.7081
-81.708
-81.7078
-81.7077
-81.7076
-81.7075
-81.7073
-81.7072
-81.7071
-81.707
-81.7069
-81.7068
-81.7067
-81.7066
-81.7065
-81.7064
-81.7063
-81.7062
-81.7061
-81.706
-81.706
-81.7059
-81.7058
-81.7057
-81.7057
-81.7056
-81.7055
-81.7055
-81.7054
-81.7054
-81.7053
-81.7053
-81.7052
-81.7052
-81.7051
-81.7051
-81.705
-81.705
-81.705
-81.7049
-81.7049
-81.7049
-81.7049
-81.7048
-81.7048
-81.7048
-81.7048
-81.7048
-81.7048
-81.7048
-81.7048
-81.7048
-81.7048
-81.7048
-81.7048
-81.7048
-81.7048
-81.7048
-81.7048
-81.7049
-81.7049
-81.7049
-81.7049
-81.705
-81.705
-81.705
-81.7051
-81.7051
-81.7051
-81.7052
-81.7052
-81.7053
-81.7053
-81.7054
-81.7054
-81.7055
-81.7055
-81.7056
-81.7057
-81.7057
-81.7058
-81.7059
-81.7059
-81.706
-81.7061
-81.7062
-81.7062
-81.7063
-81.7064
-81.7065
-81.7066
-81.7067
-81.7068
-81.7068
-81.7069
-81.707
-81.7071
-81.7072
-81.7073
-81.7074
-81.7076
-81.7077
-81.7078
-81.7079
-81.708
-81.7081
-81.7082
-81.7084
-81.7085
-81.7086
-81.7087
-81.7089
-81.709
-81.7091
-81.7093
-81.7094
-81.7095
-81.7097
-81.7098
-81.71
-81.7101
-81.7102
-81.7104
-81.7105
-81.7107
-81.7108
-81.711
-81.7112
-81.7113
-81.7115
-81.7116
-81.7118
-81.712
-81.7121
-81.7123
-81.7125
-81.7126
-81.7128
-81.713
-81.7132
-81.7133
-81.7135
-81.7137
-81.7139
-81.7141
-81.7143
-81.7144
-81.7146
-81.7148
-81.715
-81.7152
-81.7154
-81.7156
-81.7158
-81.716
-81.7162
-81.7164
-81.7166
-81.7168
-81.717
-81.7172
-81.7174
-81.7176
-81.7179
-81.7181
-81.7183
-81.7185
-81.7187
-81.7189
-81.7192
-81.7194
-81.7196
-81.7198
-81.7201
-81.7203
-81.7205
-81.7207
-81.721
-81.7212
-81.7214
-81.7217
-81.7219
-81.7221
-81.7224
-81.7226
-81.7229
-81.7231
-81.7233
-81.7236
-81.7238
-81.7241
-81.7243
-81.7246
-81.7248
-81.7251
-81.7253
-81.7256
-81.7258
-81.7261
-81.7264
-81.7266
-81.7269
-81.7271
-81.7274
-81.7277
-81.7279
-81.7282
-81.7285
-81.7287
-81.729
-81.7293
-81.7295
-81.7298
-81.7301
-81.7303
-81.7306
-81.7309
-81.7312
-81.7314
-81.7317
-81.732
-81.7323
-81.7326
-81.7328
-81.7331
-81.7334
-81.7337
-81.734
-81.7343
-81.7345
-81.7348
-81.7351
-81.7354
-81.7357
-81.736
-81.7363
-81.7366
-81.7369
-81.7372
-81.7375
-81.7378
-81.7381
-81.7384
-81.7387
-81.739
-81.7393
-81.7396
-81.7399
-81.7402
-81.7405
-81.7408
-81.7411
-81.7414
-81.7417
-81.742
-81.7423
-81.7426
-81.7429
-81.7432
-81.7435
-81.7439
-81.7442
-81.7445
-81.7448
-81.7451
-81.7454
-81.7457
-81.7461
-81.7464
-81.7467
-81.747
-81.7473
-81.7476
-81.748
-81.7483
-81.7486
-81.7489
-81.7492
-81.7496
-81.7499
-81.7502
-81.7505
-81.7509
-81.7512
-81.7515
-81.7518
-81.7522
-81.7525
-81.7528
-81.7532
-81.7535
-81.7538
-81.7541
-81.7545
-81.7548
-81.7551
-81.7555
-81.7558
-81.7561
-81.7565
-81.7568
-81.7571
-81.7575
-81.7578
-81.7581
-81.7585
-81.7588
-81.7592
-81.7595
-81.7598
-81.7602
-81.7605
-81.7608
-81.7612
-81.7615
-81.7619
-81.7622
-81.7625
-81.7629
-81.7632
-81.7636
-81.7639
-81.7643
-81.7646
-81.7649
-81.7653
-81.7656
-81.766
-81.7663
-81.7667
-81.767
-81.7673
-81.7677
-81.768
-81.7684
-81.7687
-81.7691
-81.7694
-81.7698
-81.7701
-81.7705
-81.7708
-81.7712
-81.7715
-81.7719
-81.7722
-81.7726
-81.7729
-81.7733
-81.7736
-81.774
-81.7743
-81.7747
-81.775
-81.7754
-81.7757
-81.7761
-81.7764
-81.7768
-81.7771
-81.7775
-81.7778
-81.7782
-81.7785
-81.7789
-81.7792
-81.7796
-81.7799
-81.7803
-81.7806
-81.781
-81.7813
-81.7817
-81.782
-81.7824
-81.7827
-81.7831
-81.7834
-81.7838
-81.7842
-81.7845
-81.7849
-81.7852
-81.7856
-81.7859
-81.7863
-81.7866
-81.787
-81.7873
-81.7877
-81.788
-81.7884
-81.7887
-81.7891
-81.7895
-81.7898
-81.7902
-81.7905
-81.7909
-81.7912
-81.7916
-81.7919
-81.7923
-81.7926
-81.793
-81.7933
-81.7937
-81.7941
-81.7944
-81.7948
-81.7951
-81.7955
-81.7958
-81.7962
-81.7965
-81.7969
-81.7972
-81.7976
-81.7979
-81.7983
-81.7986
-81.799
-81.7993
-81.7997
-81.8
-81.8004
-81.8007
-81.8011
-81.8015
-81.8018
-81.8022
-81.8025
-81.8029
-81.8032
-81.8036
-81.8039
-81.8043
-81.8046
-81.805
-81.8053
-81.8057
-81.806
-81.8064
-81.8067
-81.8071
-81.8074
-81.8078
-81.8081
-81.8085
-81.8088
-81.8091
-81.8095
-81.8098
-81.8102
-81.8105
-81.8109
-81.8112
-81.8116
-81.8119
-81.8123
-81.8126
-81.813
-81.8133
-81.8137
-81.814
-81.8143
-81.8147
-81.815
-81.8154
-81.8157
-81.8161
-81.8164
-81.8167
-81.8171
-81.8174
-81.8178
-81.8181
-81.8185
-81.8188
-81.8191
-81.8195
-81.8198
-81.8202
-81.8205
-81.8208
-81.8212
-81.8215
-81.8219
-81.8222
-81.8225
-81.8229
-81.8232
-81.8235
-81.8239
-81.8242
-81.8246
-81.8249
-81.8252
-81.8256
-81.8259
-81.8262
-81.8266
-81.8269
-81.8272
-81.8276
-81.8279
-81.8282
-81.8286
-81.8289
-81.8292
-81.8296
-81.8299
-81.8302
-81.8306
-81.8309
-81.8312
-81.8315
-81.8319
-81.8322
-81.8325
-81.8329
-81.8332
-81.8335
-81.8338
-81.8342
-81.8345
-81.8348
-81.8351
-81.8355
-81.8358
-81.8361
-81.8364
-81.8368
-81.8371
-81.8374
-81.8377
-81.838
-81.8384
-81.8387
-81.839
-81.8393
-81.8396
-81.84
-81.8403
-81.8406
-81.8409
-81.8412
-81.8416
-81.8419
-81.8422
-81.8425
-81.8428
-81.8431
-81.8434
-81.8438
-81.8441
-81.8444
-81.8447
-81.845
-81.8453
-81.8456
-81.8459
-81.8463
-81.8466
-81.8469
-81.8472
-81.8475
-81.8478
-81.8481
-81.8484
-81.8487
-81.849
-81.8493
-81.8496
-81.8499
-81.8502
-81.8505
-81.8508
-81.8512
-81.8515
-81.8518
-81.8521
-81.8524
-81.8527
-81.853
-81.8533
-81.8536
-81.8539
-81.8542
-81.8545
-81.8547
-81.855
-81.8553
-81.8556
-81.8559
-81.8562
-81.8565
-81.8568
-81.8571
-81.8574
-81.8577
-81.858
-81.8583
-81.8586
-81.8589
-81.8591
-81.8594
-81.8597
-81.86
-81.8603
-81.8606
-81.8609
-81.8612
-81.8614
-81.8617
-81.862
-81.8623
-81.8626
-81.8629
-81.8631
-81.8634
-81.8637
-81.864
-81.8643
-81.8645
-81.8648
-81.8651
-81.8654
-81.8657
-81.8659
-81.8662
-81.8665
-81.8668
-81.867
-81.8673
-81.8676
-81.8679
-81.8681
-81.8684
-81.8687
-81.869
-81.8692
-81.8695
-81.8698
-81.87
-81.8703
-81.8706
-81.8708
-81.8711
-81.8714
-81.8716
-81.8719
-81.8722
-81.8724
-81.8727
-81.873
-81.8732
-81.8735
-81.8737
-81.874
-81.8743
-81.8745
-81.8748
-81.875
-81.8753
-81.8756
-81.8758
-81.8761
-81.8763
-81.8766
-81.8768
-81.8771
-81.8773
-81.8776
-81.8778
-81.8781
-81.8784
-81.8786
-81.8789
-81.8791
-81.8794
-81.8796
-81.8798
-81.8801
-81.8803
-81.8806
-81.8808
-81.8811
-81.8813
-81.8816
-81.8818
-81.8821
-81.8823
-81.8825
-81.8828
-81.883
-81.8833
-81.8835
-81.8837
-81.884
-81.8842
-81.8845
-81.8847
-81.8849
-81.8852
-81.8854
-81.8856
-81.8859
-81.8861
-81.8863
-81.8866
-81.8868
-81.887
-81.8873
-81.8875
-81.8877
-81.8879
-81.8882
-81.8884
-81.8886
-81.8889
-81.8891
-81.8893
-81.8895
-81.8898
-81.89
-81.8902
-81.8904
-81.8906
-81.8909
-81.8911
-81.8913
-81.8915
-81.8917
-81.892
-81.8922
-81.8924
-81.8926
-81.8928
-81.893
-81.8933
-81.8935
-81.8937
-81.8939
-81.8941
-81.8943
-81.8945
-81.8947
-81.895
-81.8952
-81.8954
-81.8956
-81.8958
-81.896
-81.8962
-81.8964
-81.8966
-81.8968
-81.897
-81.8972
-81.8974
-81.8976
-81.8978
-81.898
-81.8982
-81.8984
-81.8986
-81.8988
-81.899
-81.8992
-81.8994
-81.8996
-81.8998
-81.9
-81.9002
-81.9004
-81.9006
-81.9008
-81.901
-81.9012
-81.9014
-81.9016
-81.9018
-81.902
-81.9021
-81.9023
-81.9025
-81.9027
-81.9029
-81.9031
-81.9033
-81.9035
-81.9036
-81.9038
-81.904
-81.9042
-81.9044
-81.9046
-81.9047
-81.9049
-81.9051
-81.9053
-81.9055
-81.9056
-81.9058
-81.906
-81.9062
-81.9063
-81.9065
-81.9067
-81.9069
-81.907
-81.9072
-81.9074
-81.9076
-81.9077
-81.9079
-81.9081
-81.9083
-81.9084
-81.9086
-81.9088
-81.9089
-81.9091
-81.9093
-81.9094
-81.9096
-81.9098
-81.9099
-81.9101
-81.9103
-81.9104
-81.9106
-81.9107
-81.9109
-81.9111
-81.9112
-81.9114
-81.9115
-81.9117
-81.9119
-81.912
-81.9122
-81.9123
-81.9125
-81.9126
-81.9128
-81.913
-81.9131
-81.9133
-81.9134
-81.9136
-81.9137
-81.9139
-81.914
-81.9142
-81.9143
-81.9145
-81.9146
-81.9148
-81.9149
-81.9151
-81.9152
-81.9154
-81.9155
-81.9156
-81.9158
-81.9159
-81.9161
-81.9162
-81.9164
-81.9165
-81.9166
-81.9168
-81.9169
-81.9171
-81.9172
-81.9173
-81.9175
-81.9176
-81.9177
-81.9179
-81.918
-81.9182
-81.9183
-81.9184
-81.9186
-81.9187
-81.9188
-81.919
-81.9191
-81.9192
-81.9194
-81.9195
-81.9196
-81.9197
-81.9199
-81.92
-81.9201
-81.9203
-81.9204
-81.9205
-81.9206
-81.9208
-81.9209
-81.921
-81.9211
-81.9212
-81.9214
-81.9215
-81.9216
-81.9217
-81.9219
-81.922
-81.9221
-81.9222
-81.9223
-81.9225
-81.9226
-81.9227
-81.9228
-81.9229
-81.923
-81.9231
-81.9233
-81.9234
-81.9235
-81.9236
-81.9237
-81.9238
-81.9239
-81.9241
-81.9242
-81.9243
-81.9244
-81.9245
-81.9246
-81.9247
-81.9248
-81.9249
-81.925
-81.9251
-81.9252
-81.9253
-81.9255
-81.9256
-81.9257
-81.9258
-81.9259
-81.926
-81.9261
-81.9262
-81.9263
-81.9264
-81.9265
-81.9266
-81.9267
-81.9268
-81.9269
-81.927
-81.9271
-81.9272
-81.9273
-81.9274
-81.9274
-81.9275
-81.9276
-81.9277
-81.9278
-81.9279
-81.928
-81.9281
-81.9282
-81.9283
-81.9284
-81.9285
-81.9286
-81.9286
-81.9287
-81.9288
-81.9289
-81.929
-81.9291
-81.9292
-81.9293
-81.9294
-81.9294
-81.9295
-81.9296
-81.9297
-81.9298
-81.9299
-81.9299
-81.93
-81.9301
-81.9302
-81.9303
-81.9303
-81.9304
-81.9305
-81.9306
-81.9307
-81.9307
-81.9308
-81.9309
-81.931
-81.9311
-81.9311
-81.9312
-81.9313
-81.9314
-81.9314
-81.9315
-81.9316
-81.9317
-81.9317
-81.9318
-81.9319
-81.9319
-81.932
-81.9321
-81.9322
-81.9322
-81.9323
-81.9324
-81.9324
-81.9325
-81.9326
-81.9326
-81.9327
-81.9328
-81.9328
-81.9329
-81.933
-81.933
-81.9331
-81.9332
-81.9332
-81.9333
-81.9334
-81.9334
-81.9335
-81.9336
-81.9336
-81.9337
-81.9337
-81.9338
-81.9339
-81.9339
-81.934
-81.934
-81.9341
-81.9342
-81.9342
-81.9343
-81.9343
-81.9344
-81.9344
-81.9345
-81.9346
-81.9346
-81.9347
-81.9347
-81.9348
-81.9348
-81.9349
-81.9349
-81.935
-81.935
-81.9351
-81.9351
-81.9352
-81.9352
-81.9353
-81.9353
-81.9354
-81.9354
-81.9355
-81.9355
-81.9356
-81.9356
-81.9357
-81.9357
-81.9358
-81.9358
-81.9359
-81.9359
-81.936
-81.936
-81.9361
-81.9361
-81.9361
-81.9362
-81.9362
-81.9363
-81.9363
-81.9364
-81.9364
-81.9364
-81.9365
-81.9365
-81.9366
-81.9366
-81.9367
-81.9367
-81.9367
-81.9368
-81.9368
-81.9369
-81.9369
-81.9369
-81.937
-81.937
-81.937
-81.9371
-81.9371
-81.9371
-81.9372
-81.9372
-81.9373
-81.9373
-81.9373
-81.9374
-81.9374
-81.9374
-81.9375
-81.9375
-81.9375
-81.9376
-81.9376
-81.9376
-81.9377
-81.9377
-81.9377
-81.9377
-81.9378
-81.9378
-81.9378
-81.9379
-81.9379
-81.9379
-81.9379
-81.938
-81.938
-81.938
-81.9381
-81.9381
-81.9381
-81.9381
-81.9382
-81.9382
-81.9382
-81.9382
-81.9383
-81.9383
-81.9383
-81.9383
-81.9384
-81.9384
-81.9384
-81.9384
-81.9385
-81.9385
-81.9385
-81.9385
-81.9385
-81.9386
-81.9386
-81.9386
-81.9386
-81.9386
-81.9387
-81.9387
-81.9387
-81.9387
-81.9387
-81.9388
-81.9388
-81.9388
-81.9388
-81.9388
-81.9388
-81.9389
-81.9389
-81.9389
-81.9389
-81.9389
-81.9389
-81.939
-81.939
-81.939
-81.939
-81.939
-81.939
-81.939
-81.9391
-81.9391
-81.9391
-81.9391
-81.9391
-81.9391
-81.9391
-81.9392
-81.9392
-81.9392
-81.9392
-81.9392
-81.9392
-81.9392
-81.9392
-81.9392
-81.9392
-81.9393
-81.9393
-81.9393
-81.9393
-81.9393
-81.9393
-81.9393
-81.9393
-81.9393

