label:v(.5)
4049
0	-70
0.00655222	-70
0.196881	-70.0002
1.14664	-70.0008
4.53799	-70.0022
10.6122	-70.004
16.6865	-70.0053
27.6393	-70.0069
38.5921	-70.0078
71.9022	-70.0088
100	-70.0082
100	-70.0082
100	-69.9531
100	-69.9154
100	-69.8749
100	-69.8523
100	-69.8254
100	-69.8268
100	-69.8311
100	-69.8332
100	-69.8334
100	-69.8327
100	-69.8297
100.001	-69.8117
100.001	-69.7958
100.003	-69.7696
100.004	-69.7332
100.007	-69.6814
100.01	-69.6329
100.015	-69.5511
100.02	-69.4758
100.033	-69.3122
100.045	-69.1714
100.058	-69.0463
100.07	-68.9322
100.083	-68.8262
100.105	-68.6527
100.127	-68.4939
100.163	-68.258
100.199	-68.0445
100.266	-67.6948
100.332	-67.3837
100.399	-67.1012
100.465	-66.842
100.532	-66.6024
100.643	-66.2392
100.753	-65.9118
100.864	-65.613
101.041	-65.1837
101.218	-64.801
101.394	-64.4553
101.728	-63.8802
102.061	-63.3804
102.394	-62.9378
102.727	-62.5388
103.06	-62.1726
103.393	-61.8323
103.928	-61.3286
104.462	-60.8678
104.997	-60.4412
105.532	-60.0422
106.067	-59.6658
106.964	-59.0769
107.861	-58.5303
108.757	-58.0172
109.654	-57.5286
110.551	-57.0581
111.448	-56.594
112.345	-56.1204
112.931	-55.7925
113.078	-55.706
113.224	-55.6162
113.371	-55.5221
113.517	-55.4226
113.664	-55.3156
113.811	-55.197
113.847	-55.1649
113.884	-55.1314
113.95	-55.0662
113.991	-55.0233
114.031	-54.977
114.058	-54.9432
114.086	-54.9069
114.1	-54.8868
114.114	-54.8656
114.128	-54.8434
114.143	-54.8198
114.157	-54.7946
114.171	-54.7675
114.185	-54.7381
114.2	-54.7058
114.209	-54.6817
114.219	-54.6555
114.229	-54.627
114.239	-54.5957
114.248	-54.5609
114.258	-54.5222
114.268	-54.4788
114.277	-54.4298
114.287	-54.3744
114.297	-54.3116
114.307	-54.2401
114.316	-54.159
114.326	-54.0669
114.336	-53.9625
114.346	-53.8446
114.355	-53.7116
114.365	-53.5623
114.375	-53.3954
114.39	-53.1045
114.405	-52.7711
114.419	-52.3981
114.434	-51.9885
114.449	-51.5431
114.464	-51.0581
114.479	-50.5261
114.494	-49.941
114.509	-49.3026
114.524	-48.6212
114.538	-47.9158
114.553	-47.2084
114.568	-46.5174
114.583	-45.854
114.598	-45.2235
114.613	-44.627
114.636	-43.7548
114.66	-42.9463
114.683	-42.1828
114.706	-41.4479
114.73	-40.7281
114.766	-39.6122
114.802	-38.4518
114.838	-37.1918
114.874	-35.758
114.911	-34.0508
114.947	-31.9051
114.983	-29.0643
115.019	-25.0579
115.055	-19.1071
115.092	-10.2286
115.095	-9.21414
115.098	-8.19996
115.102	-7.16126
115.105	-6.09269
115.109	-5.00032
115.112	-3.89097
115.116	-2.76887
115.122	-0.777544
115.128	1.2232
115.134	3.21138
115.145	6.7547
115.156	10.0844
115.168	13.1249
115.179	15.8578
115.19	18.2988
115.201	20.4756
115.212	22.4182
115.223	24.1525
115.235	25.698
115.246	27.0707
115.257	28.2849
115.268	29.3549
115.279	30.2951
115.291	31.1191
115.302	31.8395
115.313	32.4681
115.324	33.0156
115.335	33.4916
115.346	33.9051
115.358	34.2638
115.369	34.5742
115.38	34.8418
115.391	35.0709
115.402	35.265
115.413	35.4265
115.425	35.5575
115.436	35.6596
115.447	35.7341
115.458	35.7822
115.469	35.8049
115.481	35.8035
115.492	35.7791
115.503	35.7328
115.514	35.6657
115.525	35.579
115.536	35.4736
115.548	35.3506
115.559	35.211
115.57	35.0557
115.581	34.886
115.592	34.7028
115.603	34.5073
115.615	34.3005
115.626	34.0833
115.637	33.8566
115.648	33.621
115.659	33.3771
115.67	33.1253
115.682	32.8658
115.693	32.5988
115.704	32.3245
115.715	32.0427
115.726	31.7535
115.738	31.4568
115.749	31.1526
115.76	30.8409
115.771	30.5218
115.782	30.1953
115.793	29.8617
115.805	29.5212
115.816	29.1741
115.827	28.8207
115.838	28.4614
115.849	28.0965
115.86	27.7264
115.872	27.3516
115.883	26.9724
115.894	26.5892
115.905	26.2024
115.916	25.8123
115.928	25.4194
115.939	25.0238
115.95	24.6259
115.961	24.2259
115.972	23.824
115.983	23.4205
115.995	23.0155
116.006	22.6091
116.017	22.2014
116.028	21.7926
116.039	21.3826
116.05	20.9717
116.062	20.5597
116.073	20.1468
116.084	19.733
116.095	19.3182
116.106	18.9027
116.117	18.4862
116.129	18.069
116.14	17.651
116.151	17.2321
116.162	16.8126
116.173	16.3923
116.185	15.9713
116.196	15.5496
116.207	15.1273
116.218	14.7043
116.229	14.2807
116.24	13.8566
116.252	13.4319
116.263	13.0067
116.274	12.581
116.285	12.155
116.296	11.7286
116.307	11.3019
116.319	10.8749
116.33	10.4477
116.341	10.0205
116.352	9.59309
116.363	9.16572
116.375	8.73839
116.386	8.31115
116.397	7.88407
116.408	7.45719
116.419	7.03058
116.43	6.60428
116.442	6.17834
116.453	5.75282
116.464	5.32776
116.475	4.90323
116.486	4.47926
116.497	4.05593
116.509	3.63327
116.52	3.21134
116.531	2.79019
116.542	2.36987
116.553	1.95044
116.564	1.53194
116.576	1.11441
116.587	0.697915
116.598	0.282481
116.609	-0.131847
116.62	-0.545033
116.632	-0.957044
116.643	-1.36785
116.654	-1.77742
116.665	-2.18575
116.676	-2.59279
116.687	-2.99855
116.699	-3.40301
116.71	-3.80615
116.721	-4.20797
116.732	-4.60847
116.743	-5.00763
116.754	-5.40546
116.766	-5.80195
116.777	-6.1971
116.788	-6.59091
116.799	-6.98338
116.81	-7.37452
116.822	-7.76432
116.833	-8.15279
116.844	-8.53994
116.855	-8.92576
116.866	-9.31027
116.877	-9.69347
116.889	-10.0754
116.9	-10.4559
116.911	-10.8352
116.922	-11.2133
116.933	-11.59
116.944	-11.9655
116.956	-12.3397
116.967	-12.7127
116.978	-13.0844
116.989	-13.4549
117	-13.8241
117.011	-14.1922
117.023	-14.559
117.034	-14.9247
117.045	-15.2891
117.056	-15.6524
117.067	-16.0145
117.079	-16.3755
117.09	-16.7352
117.101	-17.0938
117.112	-17.4513
117.123	-17.8076
117.134	-18.1627
117.146	-18.5167
117.157	-18.8695
117.168	-19.2212
117.179	-19.5717
117.19	-19.921
117.201	-20.2691
117.213	-20.616
117.224	-20.9617
117.235	-21.3062
117.246	-21.6494
117.257	-21.9914
117.269	-22.3321
117.28	-22.6715
117.291	-23.0096
117.302	-23.3463
117.313	-23.6815
117.324	-24.0152
117.336	-24.3474
117.347	-24.678
117.358	-25.007
117.369	-25.3343
117.38	-25.6599
117.391	-25.9838
117.403	-26.306
117.414	-26.6263
117.425	-26.9448
117.436	-27.2614
117.447	-27.5762
117.458	-27.889
117.47	-28.1999
117.477	-28.3896
117.483	-28.5786
117.49	-28.7668
117.497	-28.9543
117.504	-29.141
117.511	-29.327
117.518	-29.5121
117.524	-29.6965
117.531	-29.8801
117.538	-30.063
117.545	-30.245
117.552	-30.4262
117.559	-30.6067
117.566	-30.7863
117.572	-30.9651
117.579	-31.1431
117.586	-31.3203
117.593	-31.4966
117.6	-31.6722
117.607	-31.8469
117.614	-32.0207
117.62	-32.1938
117.627	-32.366
117.634	-32.5373
117.641	-32.7078
117.648	-32.8774
117.655	-33.0462
117.662	-33.2142
117.668	-33.3812
117.675	-33.5475
117.682	-33.7128
117.689	-33.8773
117.696	-34.0409
117.703	-34.2037
117.71	-34.3656
117.716	-34.5266
117.723	-34.6867
117.73	-34.846
117.737	-35.0044
117.744	-35.1619
117.751	-35.3185
117.758	-35.4743
117.764	-35.6292
117.771	-35.7832
117.778	-35.9364
117.785	-36.0887
117.792	-36.2401
117.799	-36.3906
117.806	-36.5403
117.812	-36.6891
117.819	-36.837
117.826	-36.9841
117.833	-37.1304
117.84	-37.2757
117.847	-37.4202
117.854	-37.5639
117.86	-37.7067
117.867	-37.8487
117.874	-37.9898
117.881	-38.1301
117.888	-38.2696
117.895	-38.4082
117.902	-38.546
117.908	-38.683
117.915	-38.8191
117.926	-39.0385
117.937	-39.2557
117.949	-39.4708
117.96	-39.6838
117.971	-39.8947
117.982	-40.1035
117.993	-40.3103
118.004	-40.515
118.015	-40.7178
118.027	-40.9186
118.038	-41.1174
118.049	-41.3142
118.06	-41.5092
118.071	-41.7022
118.082	-41.8934
118.093	-42.0827
118.104	-42.2702
118.116	-42.4559
118.127	-42.6398
118.138	-42.8219
118.149	-43.0023
118.16	-43.181
118.171	-43.358
118.182	-43.5334
118.194	-43.707
118.205	-43.8791
118.216	-44.0496
118.227	-44.2184
118.238	-44.3858
118.249	-44.5515
118.26	-44.7158
118.271	-44.8786
118.283	-45.0399
118.294	-45.1997
118.305	-45.3581
118.316	-45.5151
118.327	-45.6707
118.338	-45.8249
118.349	-45.9777
118.36	-46.1292
118.372	-46.2794
118.383	-46.4283
118.394	-46.5758
118.405	-46.7222
118.416	-46.8672
118.427	-47.011
118.438	-47.1536
118.45	-47.295
118.461	-47.4353
118.472	-47.5743
118.483	-47.7122
118.494	-47.8489
118.505	-47.9845
118.516	-48.119
118.527	-48.2525
118.539	-48.3848
118.55	-48.516
118.561	-48.6462
118.572	-48.7754
118.583	-48.9035
118.594	-49.0306
118.605	-49.1567
118.617	-49.2819
118.628	-49.406
118.639	-49.5292
118.65	-49.6514
118.661	-49.7727
118.672	-49.893
118.683	-50.0124
118.694	-50.1309
118.706	-50.2485
118.717	-50.3652
118.728	-50.4811
118.739	-50.596
118.75	-50.7101
118.761	-50.8233
118.772	-50.9357
118.783	-51.0473
118.801	-51.2253
118.819	-51.4012
118.837	-51.5751
118.855	-51.7469
118.873	-51.9167
118.891	-52.0845
118.909	-52.2503
118.921	-52.355
118.932	-52.4589
118.943	-52.5621
118.955	-52.6645
118.966	-52.7661
118.978	-52.867
118.989	-52.9671
119.011	-53.1564
119.033	-53.343
119.055	-53.5271
119.076	-53.7086
119.092	-53.8392
119.108	-53.9686
119.124	-54.0966
119.136	-54.1894
119.147	-54.2815
119.159	-54.373
119.171	-54.4637
119.182	-54.5538
119.194	-54.6432
119.206	-54.732
119.217	-54.82
119.241	-54.9977
119.257	-55.1176
119.273	-55.2363
119.29	-55.3538
119.306	-55.47
119.322	-55.5851
119.338	-55.699
119.355	-55.8117
119.371	-55.9232
119.387	-56.0336
119.414	-56.2171
119.442	-56.3974
119.469	-56.5746
119.496	-56.7487
119.524	-56.9198
119.551	-57.0879
119.579	-57.2531
119.606	-57.4154
119.633	-57.5749
119.661	-57.7316
119.688	-57.8856
119.715	-58.0369
119.743	-58.1856
119.77	-58.3316
119.811	-58.5481
119.853	-58.7588
119.894	-58.9641
119.936	-59.1639
119.977	-59.3585
120.019	-59.548
120.06	-59.7326
120.101	-59.9123
120.143	-60.0874
120.184	-60.2578
120.226	-60.4238
120.267	-60.5855
120.308	-60.743
120.35	-60.8963
120.391	-61.0456
120.433	-61.191
120.474	-61.3327
120.516	-61.4706
120.557	-61.6048
120.622	-61.8094
120.688	-62.0055
120.753	-62.1934
120.818	-62.3736
120.884	-62.5463
120.949	-62.7117
121.014	-62.8702
121.079	-63.022
121.182	-63.2475
121.285	-63.458
121.387	-63.6543
121.49	-63.8373
121.592	-64.0077
121.695	-64.1663
121.867	-64.4075
122.039	-64.6202
122.211	-64.8072
122.383	-64.9707
122.555	-65.1129
122.727	-65.2359
123.023	-65.4074
123.32	-65.5342
123.617	-65.6228
123.913	-65.6788
124.446	-65.7117
124.979	-65.6756
125.513	-65.5865
126.046	-65.4569
126.579	-65.2966
127.112	-65.1134
127.645	-64.9132
128.464	-64.5835
129.282	-64.2379
130.101	-63.8853
130.92	-63.5318
132.399	-62.9042
133.879	-62.3042
135.359	-61.7375
136.839	-61.2093
138.319	-60.7219
139.799	-60.2789
141.279	-59.868
142.759	-59.4909
144.238	-59.1417
145.718	-58.8154
147.198	-58.5091
148.678	-58.2348
149.73	-58.0543
150.51	-57.9167
151.289	-57.7812
152.069	-57.6527
152.849	-57.536
153.629	-57.4089
154.144	-57.3172
154.506	-57.2639
154.868	-57.2151
155.23	-57.1641
155.592	-57.1114
155.954	-57.0641
156.316	-57.0195
156.678	-56.9738
157.04	-56.9244
157.402	-56.8814
157.662	-56.8555
157.921	-56.8234
158.181	-56.7831
158.441	-56.7433
158.701	-56.711
158.961	-56.68
159.22	-56.6437
159.409	-56.6177
159.598	-56.595
159.786	-56.5716
159.975	-56.5441
160.163	-56.517
160.352	-56.4941
160.54	-56.4727
160.729	-56.4458
160.917	-56.4183
161.051	-56.404
161.185	-56.3901
161.319	-56.3726
161.452	-56.3529
161.586	-56.3348
161.72	-56.3184
161.854	-56.3024
161.988	-56.2856
162.121	-56.2683
162.255	-56.2503
162.389	-56.233
162.523	-56.2161
162.657	-56.1997
162.79	-56.181
162.924	-56.1623
163.058	-56.1432
163.156	-56.1266
163.255	-56.1112
163.353	-56.1002
163.451	-56.0919
163.55	-56.0817
163.648	-56.0686
163.747	-56.0548
163.845	-56.0424
163.943	-56.031
164.042	-56.0199
164.14	-56.0079
164.239	-55.9949
164.337	-55.982
164.435	-55.9702
164.534	-55.9586
164.632	-55.9463
164.731	-55.9333
164.829	-55.9209
164.927	-55.9089
165.026	-55.8967
165.124	-55.8843
165.223	-55.8724
165.321	-55.8606
165.419	-55.8481
165.518	-55.835
165.616	-55.8221
165.715	-55.8097
165.813	-55.7974
165.911	-55.7846
166.01	-55.7716
166.108	-55.7586
166.207	-55.746
166.305	-55.7332
166.403	-55.7201
166.502	-55.7067
166.6	-55.6938
166.699	-55.6809
166.797	-55.6676
166.895	-55.6538
166.994	-55.6404
167.092	-55.6273
167.19	-55.6136
167.289	-55.5993
167.387	-55.5854
167.486	-55.5721
167.584	-55.5584
167.682	-55.5438
167.781	-55.5293
167.879	-55.5153
167.978	-55.5011
168.076	-55.4858
168.174	-55.4706
168.273	-55.4561
168.371	-55.4413
168.47	-55.4253
168.568	-55.4091
168.666	-55.3936
168.765	-55.3782
168.863	-55.3615
168.962	-55.3441
169.06	-55.3273
169.158	-55.3108
169.257	-55.2931
169.355	-55.2742
169.454	-55.2556
169.552	-55.2375
169.65	-55.2184
169.749	-55.1981
169.847	-55.1774
169.946	-55.1571
170.044	-55.1359
170.142	-55.113
170.241	-55.0892
170.339	-55.0653
170.438	-55.0407
170.536	-55.0147
170.634	-54.9867
170.733	-54.9571
170.831	-54.9264
170.93	-54.8947
170.999	-54.8709
171.069	-54.8449
171.139	-54.8164
171.209	-54.7853
171.279	-54.7515
171.33	-54.7244
171.381	-54.6949
171.432	-54.6628
171.483	-54.627
171.535	-54.5859
171.54	-54.5813
171.545	-54.5766
171.553	-54.5693
171.568	-54.5556
171.582	-54.5411
171.597	-54.5256
171.611	-54.5092
171.626	-54.4915
171.64	-54.4723
171.654	-54.4514
171.669	-54.4284
171.683	-54.4027
171.698	-54.3737
171.712	-54.3405
171.727	-54.3021
171.736	-54.2733
171.746	-54.2411
171.755	-54.2051
171.765	-54.1645
171.774	-54.1189
171.784	-54.0673
171.793	-54.009
171.803	-53.9432
171.812	-53.869
171.822	-53.7853
171.831	-53.6914
171.847	-53.5059
171.864	-53.283
171.88	-53.0183
171.896	-52.7098
171.907	-52.4746
171.918	-52.2211
171.929	-51.9505
171.94	-51.6637
171.951	-51.3601
171.962	-51.0387
171.973	-50.6976
171.99	-50.1221
172.007	-49.49
172.024	-48.8045
172.041	-48.0807
172.059	-47.3428
172.076	-46.6157
172.093	-45.9158
172.11	-45.2509
172.127	-44.6242
172.144	-44.035
172.161	-43.4781
172.179	-42.9458
172.205	-42.1689
172.231	-41.4219
172.257	-40.693
172.283	-39.9691
172.309	-39.2312
172.336	-38.4597
172.362	-37.6374
172.388	-36.7473
172.414	-35.7613
172.44	-34.6412
172.466	-33.335
172.493	-31.7811
172.519	-29.8779
172.545	-27.4835
172.571	-24.3608
172.597	-20.2537
172.623	-14.7173
172.641	-10.1498
172.658	-5.04399
172.676	0.360465
172.693	5.69597
172.711	10.608
172.728	14.8973
172.745	18.5311
172.763	21.5453
172.78	24.0173
172.798	26.0546
172.815	27.7442
172.833	29.1221
172.85	30.2025
172.867	31.0211
172.885	31.6375
172.902	32.1037
172.92	32.4418
172.932	32.6076
172.945	32.7158
172.958	32.7767
172.97	32.796
172.983	32.7748
172.995	32.7135
173.008	32.6151
173.02	32.4836
173.033	32.3216
173.046	32.1305
173.058	31.9117
173.071	31.6675
173.083	31.4004
173.096	31.1122
173.108	30.8044
173.121	30.4786
173.133	30.1367
173.146	29.7808
173.159	29.4124
173.171	29.033
173.184	28.6438
173.196	28.246
173.209	27.8407
173.221	27.4283
173.234	27.0095
173.247	26.5844
173.259	26.1532
173.272	25.716
173.284	25.2728
173.297	24.8235
173.309	24.3683
173.322	23.9072
173.335	23.4404
173.347	22.9681
173.36	22.4908
173.372	22.0087
173.385	21.5223
173.397	21.0321
173.41	20.5386
173.423	20.0423
173.435	19.5437
173.448	19.0433
173.46	18.5414
173.473	18.0387
173.485	17.5353
173.498	17.0318
173.511	16.5282
173.523	16.0249
173.536	15.5221
173.548	15.0198
173.561	14.5182
173.573	14.0173
173.586	13.5171
173.599	13.0177
173.611	12.519
173.624	12.0211
173.636	11.5239
173.649	11.0274
173.661	10.5317
173.674	10.0366
173.687	9.54222
173.699	9.0485
173.712	8.55544
173.724	8.06302
173.737	7.57124
173.749	7.08009
173.762	6.58956
173.775	6.09966
173.787	5.61038
173.8	5.12173
173.812	4.63374
173.825	4.14641
173.837	3.65978
173.85	3.17389
173.863	2.68876
173.875	2.20445
173.888	1.721
173.9	1.23844
173.913	0.756843
173.925	0.27624
173.938	-0.20332
173.951	-0.681792
173.963	-1.15913
173.976	-1.6353
173.988	-2.11025
174.001	-2.58394
174.013	-3.05632
174.026	-3.52736
174.039	-3.99702
174.051	-4.46523
174.064	-4.93197
174.076	-5.3972
174.089	-5.86086
174.101	-6.32291
174.114	-6.78334
174.127	-7.24209
174.139	-7.69913
174.152	-8.15444
174.164	-8.608
174.177	-9.05978
174.189	-9.50978
174.202	-9.95797
174.215	-10.4043
174.227	-10.8489
174.24	-11.2917
174.252	-11.7326
174.265	-12.1718
174.277	-12.6092
174.29	-13.0447
174.303	-13.4785
174.315	-13.9106
174.328	-14.3409
174.34	-14.7695
174.353	-15.1964
174.365	-15.6215
174.378	-16.045
174.391	-16.4668
174.403	-16.8869
174.416	-17.3054
174.428	-17.7223
174.441	-18.1375
174.453	-18.5511
174.466	-18.9632
174.479	-19.3735
174.491	-19.7824
174.504	-20.1896
174.516	-20.5952
174.529	-20.9992
174.541	-21.4016
174.554	-21.8024
174.567	-22.2016
174.579	-22.5992
174.592	-22.9952
174.604	-23.3894
174.617	-23.7818
174.629	-24.1725
174.642	-24.5612
174.655	-24.9481
174.667	-25.3329
174.68	-25.7158
174.692	-26.0966
174.705	-26.4753
174.717	-26.8518
174.73	-27.2262
174.743	-27.5983
174.755	-27.9682
174.768	-28.3357
174.78	-28.7009
174.793	-29.0636
174.805	-29.4239
174.818	-29.7817
174.83	-30.1369
174.843	-30.4895
174.856	-30.8395
174.868	-31.1867
174.881	-31.5313
174.893	-31.8731
174.906	-32.212
174.918	-32.5481
174.931	-32.8812
174.944	-33.2115
174.956	-33.5387
174.969	-33.8629
174.981	-34.1841
174.994	-34.5022
175.006	-34.8171
175.019	-35.129
175.032	-35.4377
175.044	-35.7432
175.057	-36.0455
175.069	-36.3446
175.082	-36.6405
175.094	-36.9332
175.107	-37.2226
175.12	-37.5088
175.132	-37.7918
175.145	-38.0716
175.157	-38.3482
175.17	-38.6216
175.182	-38.8918
175.195	-39.1588
175.208	-39.4227
175.22	-39.6834
175.233	-39.9411
175.245	-40.1956
175.258	-40.4471
175.27	-40.6955
175.283	-40.9409
175.296	-41.1833
175.308	-41.4228
175.321	-41.6594
175.333	-41.893
175.346	-42.1238
175.358	-42.3517
175.371	-42.5768
175.384	-42.7992
175.396	-43.0188
175.409	-43.2358
175.421	-43.45
175.434	-43.6617
175.446	-43.8708
175.459	-44.0773
175.472	-44.2813
175.484	-44.4828
175.497	-44.6819
175.509	-44.8786
175.522	-45.0729
175.534	-45.2649
175.547	-45.4546
175.56	-45.6421
175.572	-45.8273
175.585	-46.0104
175.597	-46.1913
175.61	-46.3701
175.622	-46.5468
175.635	-46.7215
175.648	-46.8942
175.66	-47.0649
175.673	-47.2336
175.685	-47.4005
175.698	-47.5655
175.71	-47.7286
175.723	-47.89
175.736	-48.0495
175.748	-48.2074
175.761	-48.3635
175.773	-48.5179
175.786	-48.6706
175.798	-48.8218
175.811	-48.9713
175.824	-49.1192
175.836	-49.2657
175.849	-49.4106
175.861	-49.554
175.874	-49.6959
175.886	-49.8364
175.899	-49.9755
175.912	-50.1132
175.924	-50.2495
175.937	-50.3845
175.949	-50.5182
175.962	-50.6505
175.974	-50.7816
175.987	-50.9114
176	-51.04
176.012	-51.1674
176.025	-51.2936
176.037	-51.4186
176.05	-51.5424
176.062	-51.6651
176.075	-51.7866
176.088	-51.9071
176.1	-52.0265
176.113	-52.1448
176.125	-52.262
176.138	-52.3782
176.15	-52.4934
176.163	-52.6075
176.176	-52.7207
176.188	-52.8329
176.201	-52.9441
176.213	-53.0543
176.226	-53.1636
176.238	-53.272
176.251	-53.3795
176.264	-53.4861
176.276	-53.5917
176.289	-53.6965
176.301	-53.8004
176.314	-53.9035
176.326	-54.0057
176.339	-54.1071
176.352	-54.2077
176.364	-54.3074
176.377	-54.4063
176.389	-54.5045
176.402	-54.6018
176.414	-54.6983
176.427	-54.7941
176.44	-54.8892
176.452	-54.9834
176.465	-55.0769
176.477	-55.1697
176.49	-55.2617
176.502	-55.3531
176.515	-55.4437
176.527	-55.5335
176.54	-55.6227
176.553	-55.7112
176.565	-55.799
176.578	-55.8861
176.59	-55.9725
176.603	-56.0583
176.615	-56.1434
176.628	-56.2278
176.641	-56.3116
176.653	-56.3947
176.666	-56.4772
176.678	-56.559
176.691	-56.6402
176.703	-56.7208
176.723	-56.8425
176.742	-56.9627
176.761	-57.0815
176.78	-57.1989
176.799	-57.315
176.818	-57.4296
176.838	-57.543
176.85	-57.6172
176.863	-57.6909
176.876	-57.764
176.888	-57.8365
176.901	-57.9085
176.914	-57.9799
176.926	-58.0507
176.939	-58.121
176.952	-58.1908
176.964	-58.26
176.977	-58.3287
176.99	-58.3968
177.002	-58.4645
177.022	-58.5679
177.042	-58.6701
177.061	-58.7711
177.081	-58.8709
177.111	-59.021
177.141	-59.1684
177.17	-59.3132
177.2	-59.4553
177.23	-59.5949
177.26	-59.7319
177.29	-59.8664
177.32	-59.9985
177.35	-60.1282
177.38	-60.2555
177.41	-60.3805
177.44	-60.5033
177.47	-60.6238
177.499	-60.7421
177.529	-60.8583
177.559	-60.9724
177.589	-61.0844
177.635	-61.2516
177.681	-61.4143
177.726	-61.5724
177.772	-61.7261
177.818	-61.8756
177.863	-62.0209
177.909	-62.1622
177.955	-62.2995
178.001	-62.433
178.046	-62.5628
178.092	-62.6889
178.138	-62.8114
178.183	-62.9305
178.229	-63.0462
178.275	-63.1586
178.32	-63.2678
178.366	-63.3738
178.412	-63.4767
178.458	-63.5767
178.503	-63.6737
178.583	-63.8358
178.662	-63.9897
178.742	-64.1356
178.821	-64.274
178.901	-64.4051
178.98	-64.5292
179.06	-64.6467
179.139	-64.7578
179.26	-64.9143
179.38	-65.0577
179.5	-65.1889
179.62	-65.3088
179.842	-65.5029
180.065	-65.6645
180.411	-65.8601
180.758	-65.9973
181.011	-66.0662
181.265	-66.112
181.519	-66.1377
181.772	-66.1456
182.026	-66.1379
182.279	-66.1165
182.533	-66.083
182.787	-66.0389
183.04	-65.9855
183.294	-65.9238
183.547	-65.855
183.801	-65.78
184.22	-65.6441
184.64	-65.4964
185.059	-65.3394
185.479	-65.1753
186.294	-64.8429
187.11	-64.5007
187.925	-64.1562
188.74	-63.8143
189.556	-63.4786
190.371	-63.1516
191.798	-62.6065
193.225	-62.0989
194.651	-61.6321
196.078	-61.2033
197.505	-60.8091
198.932	-60.4454
200.358	-60.1118
201.785	-59.8034
203.212	-59.5206
204.639	-59.2585
206.065	-59.0168
207.492	-58.7853
208.919	-58.5668
210.346	-58.3652
211.773	-58.1799
213.199	-58.0068
214.626	-57.8399
216.053	-57.6777
217.48	-57.525
218.906	-57.3803
220.333	-57.2402
221.76	-57.1046
223.187	-56.9721
224.614	-56.8433
226.04	-56.7189
227.467	-56.6069
228.894	-56.4996
229.869	-56.423
230.844	-56.3461
231.819	-56.2709
232.794	-56.2031
233.769	-56.1359
234.436	-56.0863
235.103	-56.0357
235.769	-55.9855
236.436	-55.9394
237.102	-55.8956
237.769	-55.8492
238.436	-55.7994
239.102	-55.748
239.769	-55.6978
240.435	-55.6484
241.102	-55.6012
241.769	-55.5523
242.435	-55.5002
243.102	-55.4409
243.768	-55.3729
244.435	-55.2988
244.602	-55.2801
244.768	-55.2617
244.935	-55.2433
245.102	-55.2245
245.268	-55.2051
245.435	-55.1848
245.602	-55.1638
245.768	-55.1424
245.935	-55.1203
246.102	-55.0973
246.268	-55.0732
246.435	-55.0476
246.602	-55.0202
246.768	-54.9909
246.935	-54.9597
247.101	-54.9263
247.268	-54.8902
247.435	-54.8504
247.601	-54.8061
247.768	-54.7559
247.81	-54.7422
247.851	-54.7279
247.893	-54.713
247.935	-54.6975
247.976	-54.6811
248.048	-54.6506
248.121	-54.6164
248.163	-54.5944
248.205	-54.5705
248.231	-54.5547
248.257	-54.5377
248.283	-54.5196
248.309	-54.5
248.322	-54.4888
248.336	-54.4771
248.35	-54.4647
248.364	-54.4516
248.378	-54.4377
248.392	-54.4229
248.406	-54.4071
248.42	-54.39
248.434	-54.3714
248.448	-54.3511
248.462	-54.3285
248.476	-54.3034
248.484	-54.2874
248.492	-54.2702
248.5	-54.2517
248.508	-54.2315
248.516	-54.2095
248.524	-54.1854
248.532	-54.159
248.54	-54.1299
248.548	-54.0979
248.556	-54.0625
248.565	-54.0233
248.573	-53.9799
248.581	-53.9318
248.589	-53.8786
248.597	-53.8196
248.609	-53.7176
248.621	-53.5991
248.633	-53.4622
248.646	-53.3047
248.658	-53.1247
248.67	-52.9205
248.683	-52.6916
248.695	-52.4387
248.707	-52.1632
248.719	-51.8667
248.732	-51.5504
248.744	-51.2141
248.756	-50.8566
248.768	-50.4757
248.781	-50.0693
248.793	-49.636
248.805	-49.1763
248.817	-48.6935
248.836	-47.9233
248.855	-47.1402
248.874	-46.3717
248.893	-45.6374
248.911	-44.9459
248.93	-44.2972
248.949	-43.6874
248.968	-43.1111
248.986	-42.5618
249.005	-42.0322
249.024	-41.5159
249.052	-40.7537
249.081	-39.9926
249.109	-39.2156
249.137	-38.4037
249.185	-36.8895
249.232	-35.0712
249.28	-32.7065
249.309	-30.8132
249.338	-28.3987
249.368	-25.2047
249.397	-20.8596
249.426	-14.8651
249.444	-10.4296
249.461	-5.36506
249.471	-2.26582
249.481	0.863281
249.491	3.94438
249.501	6.90569
249.511	9.68834
249.521	12.2564
249.532	14.5973
249.542	16.7161
249.552	18.627
249.562	20.3453
249.572	21.8863
249.582	23.2632
249.592	24.4872
249.602	25.5681
249.612	26.5162
249.622	27.3415
249.632	28.0541
249.642	28.6639
249.652	29.18
249.662	29.6112
249.672	29.9656
249.682	30.251
249.693	30.4746
249.703	30.6429
249.713	30.7619
249.723	30.8366
249.733	30.8714
249.743	30.8699
249.753	30.8354
249.763	30.7703
249.773	30.6769
249.783	30.5571
249.793	30.4127
249.803	30.2452
249.813	30.0562
249.823	29.8469
249.833	29.6188
249.843	29.3733
249.854	29.1115
249.864	28.8348
249.874	28.5441
249.884	28.2407
249.894	27.9254
249.904	27.5993
249.914	27.2632
249.924	26.9183
249.934	26.5653
249.944	26.2053
249.954	25.8391
249.964	25.4675
249.974	25.0913
249.984	24.7111
249.994	24.3277
250.004	23.9414
250.014	23.5526
250.025	23.1617
250.035	22.7689
250.045	22.3741
250.055	21.9776
250.065	21.5794
250.075	21.1792
250.085	20.7772
250.095	20.3733
250.105	19.9674
250.115	19.5596
250.125	19.1497
250.135	18.7379
250.145	18.3242
250.155	17.9088
250.165	17.4917
250.175	17.0732
250.186	16.6533
250.196	16.2323
250.206	15.8104
250.216	15.3878
250.226	14.9647
250.236	14.5412
250.246	14.1176
250.256	13.6941
250.266	13.2708
250.276	12.8479
250.286	12.4256
250.296	12.004
250.306	11.5832
250.316	11.1633
250.326	10.7444
250.336	10.3265
250.347	9.90976
250.357	9.49412
250.367	9.07962
250.377	8.66627
250.387	8.25408
250.397	7.84303
250.407	7.43311
250.417	7.0243
250.427	6.61657
250.437	6.20991
250.447	5.80429
250.457	5.39969
250.467	4.99606
250.477	4.5934
250.487	4.19167
250.497	3.79085
250.508	3.39091
250.518	2.99183
250.528	2.59358
250.538	2.19614
250.548	1.79948
250.558	1.4036
250.568	1.00846
250.578	0.61406
250.588	0.220377
250.598	-0.172598
250.608	-0.564873
250.618	-0.956453
250.628	-1.34734
250.638	-1.73753
250.648	-2.12703
250.658	-2.51582
250.668	-2.9039
250.679	-3.29126
250.689	-3.67789
250.699	-4.06378
250.709	-4.4489
250.719	-4.83326
250.729	-5.21683
250.739	-5.5996
250.749	-5.98156
250.759	-6.3627
250.769	-6.74301
250.779	-7.12246
250.789	-7.50106
250.799	-7.87878
250.809	-8.25562
250.819	-8.63156
250.829	-9.0066
250.84	-9.38071
250.85	-9.75389
250.86	-10.1261
250.87	-10.4974
250.88	-10.8677
250.89	-11.237
250.9	-11.6053
250.91	-11.9726
250.92	-12.3389
250.93	-12.7041
250.94	-13.0683
250.95	-13.4315
250.96	-13.7936
250.97	-14.1546
250.98	-14.5145
250.99	-14.8733
251.001	-15.2311
251.011	-15.5878
251.021	-15.9433
251.031	-16.2978
251.041	-16.6512
251.051	-17.0035
251.061	-17.3546
251.071	-17.7047
251.081	-18.0537
251.091	-18.4016
251.101	-18.7484
251.111	-19.0941
251.121	-19.4387
251.131	-19.7823
251.141	-20.1247
251.151	-20.466
251.161	-20.8062
251.172	-21.1453
251.182	-21.4833
251.192	-21.8202
251.202	-22.156
251.212	-22.4907
251.222	-22.8241
251.232	-23.1563
251.242	-23.4873
251.252	-23.817
251.262	-24.1455
251.272	-24.4726
251.282	-24.7984
251.292	-25.1228
251.302	-25.4458
251.312	-25.7674
251.322	-26.0876
251.333	-26.4063
251.343	-26.7236
251.353	-27.0393
251.363	-27.3536
251.373	-27.6663
251.383	-27.9774
251.393	-28.287
251.403	-28.5951
251.413	-28.9015
251.423	-29.2062
251.433	-29.5094
251.443	-29.8108
251.453	-30.1106
251.463	-30.4086
251.473	-30.705
251.483	-30.9996
251.493	-31.2924
251.504	-31.5834
251.514	-31.8726
251.524	-32.1599
251.534	-32.4454
251.544	-32.729
251.554	-33.0108
251.564	-33.2906
251.574	-33.5684
251.584	-33.8443
251.594	-34.1181
251.604	-34.39
251.614	-34.6598
251.624	-34.9276
251.634	-35.1933
251.644	-35.4569
251.654	-35.7183
251.665	-35.9777
251.675	-36.2349
251.685	-36.4899
251.695	-36.7427
251.705	-36.9934
251.715	-37.2418
251.725	-37.488
251.735	-37.732
251.745	-37.9737
251.755	-38.2132
251.765	-38.4505
251.775	-38.6855
251.785	-38.9182
251.795	-39.1487
251.805	-39.3769
251.815	-39.6029
251.826	-39.8266
251.836	-40.0481
251.846	-40.2673
251.856	-40.4843
251.866	-40.6991
251.876	-40.9116
251.886	-41.122
251.896	-41.3302
251.906	-41.5362
251.916	-41.74
251.926	-41.9417
251.936	-42.1413
251.946	-42.3388
251.956	-42.5341
251.966	-42.7274
251.976	-42.9187
251.987	-43.1078
251.997	-43.295
252.007	-43.4802
252.017	-43.6634
252.027	-43.8446
252.037	-44.0239
252.047	-44.2013
252.057	-44.3768
252.067	-44.5504
252.077	-44.7221
252.087	-44.892
252.097	-45.0601
252.107	-45.2264
252.117	-45.391
252.127	-45.5538
252.137	-45.7149
252.147	-45.8742
252.158	-46.0319
252.168	-46.1879
252.178	-46.3423
252.188	-46.495
252.198	-46.6461
252.208	-46.7957
252.218	-46.9437
252.228	-47.0901
252.238	-47.2351
252.248	-47.3785
252.258	-47.5204
252.268	-47.6609
252.278	-47.8
252.288	-47.9376
252.298	-48.0738
252.308	-48.2086
252.319	-48.3421
252.329	-48.4742
252.339	-48.605
252.349	-48.7345
252.359	-48.8627
252.369	-48.9897
252.379	-49.1154
252.389	-49.2398
252.399	-49.3631
252.409	-49.4851
252.419	-49.606
252.429	-49.7257
252.439	-49.8443
252.449	-49.9617
252.459	-50.078
252.469	-50.1933
252.48	-50.3075
252.49	-50.4206
252.5	-50.5326
252.51	-50.6437
252.52	-50.7537
252.53	-50.8627
252.54	-50.9708
252.55	-51.0779
252.56	-51.184
252.57	-51.2892
252.58	-51.3935
252.59	-51.4969
252.6	-51.5993
252.61	-51.7009
252.62	-51.8016
252.63	-51.9015
252.64	-52.0005
252.651	-52.0987
252.661	-52.1961
252.671	-52.2926
252.681	-52.3884
252.691	-52.4834
252.701	-52.5776
252.711	-52.671
252.721	-52.7637
252.731	-52.8557
252.741	-52.9469
252.751	-53.0374
252.761	-53.1272
252.771	-53.2163
252.781	-53.3047
252.791	-53.3925
252.801	-53.4795
252.812	-53.566
252.822	-53.6517
252.832	-53.7368
252.842	-53.8213
252.852	-53.9052
252.862	-53.9884
252.872	-54.0711
252.882	-54.1531
252.892	-54.2345
252.902	-54.3154
252.912	-54.3957
252.922	-54.4754
252.932	-54.5546
252.942	-54.6331
252.952	-54.7112
252.962	-54.7887
252.973	-54.8657
252.983	-54.9421
252.993	-55.018
253.003	-55.0935
253.013	-55.1684
253.023	-55.2427
253.033	-55.3166
253.043	-55.39
253.053	-55.463
253.063	-55.5354
253.073	-55.6074
253.083	-55.6789
253.093	-55.7499
253.103	-55.8204
253.113	-55.8905
253.123	-55.9602
253.133	-56.0294
253.144	-56.0982
253.154	-56.1665
253.164	-56.2344
253.174	-56.3018
253.184	-56.3689
253.194	-56.4355
253.204	-56.5017
253.214	-56.5675
253.224	-56.6329
253.234	-56.6978
253.244	-56.7624
253.254	-56.8266
253.264	-56.8903
253.274	-56.9537
253.284	-57.0167
253.294	-57.0793
253.305	-57.1415
253.315	-57.2034
253.325	-57.2648
253.335	-57.3259
253.351	-57.4251
253.368	-57.5233
253.384	-57.6206
253.401	-57.7168
253.417	-57.8122
253.428	-57.8747
253.439	-57.9369
253.45	-57.9986
253.469	-58.1095
253.483	-58.1842
253.496	-58.2582
253.51	-58.3317
253.532	-58.4531
253.555	-58.5729
253.577	-58.6911
253.592	-58.767
253.606	-58.8423
253.621	-58.9169
253.635	-58.9909
253.65	-59.0642
253.664	-59.137
253.679	-59.2091
253.693	-59.2806
253.717	-59.3956
253.741	-59.509
253.764	-59.6208
253.788	-59.7311
253.812	-59.8399
253.835	-59.9471
253.859	-60.0529
253.883	-60.1572
253.919	-60.3144
253.955	-60.4683
253.992	-60.6189
254.028	-60.7663
254.064	-60.9105
254.101	-61.0517
254.137	-61.1898
254.173	-61.325
254.21	-61.4572
254.246	-61.5867
254.282	-61.7133
254.319	-61.8372
254.355	-61.9584
254.391	-62.077
254.428	-62.193
254.464	-62.3065
254.5	-62.4176
254.537	-62.5262
254.573	-62.6324
254.609	-62.7362
254.646	-62.8378
254.682	-62.9372
254.718	-63.0343
254.755	-63.1293
254.791	-63.2221
254.827	-63.3129
254.864	-63.4016
254.9	-63.4884
254.936	-63.5731
254.994	-63.7036
255.051	-63.8294
255.109	-63.9505
255.167	-64.0673
255.224	-64.1797
255.282	-64.288
255.371	-64.447
255.459	-64.5968
255.548	-64.7378
255.637	-64.8704
255.775	-65.0598
255.912	-65.2313
256.049	-65.3862
256.187	-65.5257
256.324	-65.6508
256.462	-65.7626
256.684	-65.9174
256.906	-66.0435
257.128	-66.1439
257.464	-66.2535
257.801	-66.3189
258.138	-66.3469
258.474	-66.3435
258.811	-66.3135
259.148	-66.2611
259.681	-66.1408
260.215	-65.9845
260.749	-65.8011
261.282	-65.5977
261.816	-65.3797
262.349	-65.1516
263.223	-64.7658
264.097	-64.3741
264.971	-63.9851
265.844	-63.6042
266.718	-63.2353
267.592	-62.8813
269.052	-62.3291
270.512	-61.8294
271.971	-61.3802
273.431	-60.9754
274.891	-60.61
276.351	-60.2794
277.81	-59.98
279.27	-59.7068
280.73	-59.4571
282.19	-59.2268
283.649	-59.0145
285.109	-58.8147
286.569	-58.6302
288.029	-58.458
289.489	-58.3005
290.948	-58.1494
292.408	-58.0008
293.868	-57.8574
295.328	-57.7223
296.787	-57.5983
298.247	-57.4809
299.707	-57.3674
301.167	-57.2562
302.627	-57.151
304.086	-57.0516
305.546	-56.9571
307.006	-56.8579
308.019	-56.7866
309.032	-56.7185
310.045	-56.6583
311.057	-56.6002
312.07	-56.54
313.083	-56.4705
314.096	-56.3999
315.109	-56.3394
316.122	-56.2854
317.135	-56.2316
318.148	-56.1737
319.161	-56.1152
320.173	-56.0569
321.186	-55.9991
322.199	-55.9399
323.212	-55.8797
324.225	-55.8174
325.238	-55.7531
326.251	-55.6844
326.504	-55.6664
326.757	-55.6484
327.011	-55.6305
327.264	-55.6121
327.517	-55.5934
327.77	-55.5735
328.023	-55.5521
328.277	-55.5294
328.53	-55.5065
328.783	-55.4836
329.036	-55.4607
329.29	-55.4365
329.543	-55.4103
329.796	-55.3816
330.049	-55.3509
330.302	-55.319
330.556	-55.286
330.809	-55.2511
331.062	-55.2126
331.315	-55.1683
331.569	-55.1168
331.632	-55.1029
331.695	-55.0884
331.759	-55.0735
331.822	-55.0579
331.885	-55.0415
331.948	-55.0244
332.012	-55.0063
332.075	-54.9872
332.138	-54.9668
332.202	-54.945
332.265	-54.9215
332.328	-54.8958
332.392	-54.8675
332.455	-54.8357
332.497	-54.8123
332.539	-54.7864
332.581	-54.7574
332.591	-54.7495
332.602	-54.7414
332.612	-54.7329
332.622	-54.7241
332.641	-54.7078
332.659	-54.6901
332.678	-54.6709
332.696	-54.6497
332.709	-54.6339
332.722	-54.6167
332.734	-54.598
332.747	-54.5773
332.76	-54.5545
332.772	-54.5288
332.785	-54.4998
332.798	-54.4667
332.81	-54.4287
332.823	-54.3845
332.836	-54.333
332.848	-54.2728
332.861	-54.2021
332.874	-54.1193
332.886	-54.0222
332.899	-53.9088
332.911	-53.777
332.924	-53.6244
332.937	-53.4487
332.949	-53.2479
332.962	-53.0207
332.975	-52.7674
332.987	-52.4893
333	-52.1887
333.013	-51.8669
333.025	-51.5241
333.038	-51.1586
333.051	-50.7677
333.063	-50.3483
333.083	-49.6317
333.103	-48.8476
333.123	-48.0186
333.143	-47.179
333.162	-46.3626
333.182	-45.5903
333.202	-44.8689
333.222	-44.1964
333.242	-43.5672
333.262	-42.974
333.294	-42.0717
333.326	-41.2091
333.357	-40.3595
333.389	-39.4972
333.421	-38.5976
333.453	-37.6315
333.485	-36.5632
333.517	-35.3437
333.549	-33.9055
333.581	-32.1472
333.613	-29.9139
333.645	-26.9591
333.677	-22.9002
333.698	-19.5028
333.718	-15.2386
333.738	-10.0872
333.759	-4.18944
333.77	-0.562335
333.782	3.05812
333.794	6.53552
333.806	9.76617
333.817	12.694
333.829	15.3054
333.841	17.6135
333.853	19.6405
333.864	21.4094
333.876	22.9411
333.888	24.2536
333.9	25.3635
333.911	26.2874
333.923	27.0426
333.935	27.6457
333.947	28.1128
333.959	28.4588
333.97	28.6981
333.982	28.8436
333.994	28.9076
334.006	28.9008
334.017	28.8328
334.029	28.7112
334.041	28.5428
334.053	28.3329
334.064	28.0859
334.076	27.8055
334.088	27.4952
334.1	27.1576
334.111	26.7955
334.123	26.4113
334.135	26.0074
334.147	25.5858
334.159	25.1486
334.17	24.6974
334.182	24.2339
334.194	23.7595
334.206	23.2756
334.217	22.7837
334.229	22.285
334.241	21.7809
334.253	21.2727
334.264	20.7615
334.276	20.2483
334.288	19.7341
334.3	19.2195
334.311	18.7052
334.323	18.1914
334.335	17.6783
334.347	17.1659
334.358	16.6541
334.37	16.1428
334.382	15.6318
334.394	15.1208
334.405	14.6096
334.417	14.0981
334.429	13.5862
334.441	13.0739
334.453	12.5613
334.464	12.0483
334.476	11.5352
334.488	11.0221
334.5	10.5091
334.511	9.99659
334.523	9.48465
334.535	8.97352
334.547	8.46342
334.558	7.95457
334.57	7.44715
334.582	6.94133
334.594	6.43727
334.605	5.9351
334.617	5.43492
334.629	4.9368
334.641	4.44082
334.652	3.947
334.664	3.45537
334.672	3.1428
334.679	2.83111
334.687	2.5203
334.694	2.21036
334.702	1.90127
334.709	1.59303
334.717	1.28561
334.724	0.979011
334.732	0.673209
334.739	0.36819
334.747	0.0639365
334.754	-0.23957
334.762	-0.542348
334.769	-0.844414
334.781	-1.31909
334.793	-1.79212
334.805	-2.26358
334.817	-2.73354
334.828	-3.20206
334.84	-3.66923
334.852	-4.13509
334.864	-4.59971
334.876	-5.06315
334.888	-5.52546
334.895	-5.81765
334.903	-6.10942
334.91	-6.40076
334.918	-6.69169
334.925	-6.98222
334.933	-7.27235
334.94	-7.56207
334.948	-7.85141
334.955	-8.14036
334.963	-8.42892
334.97	-8.71709
334.978	-9.00487
334.985	-9.29227
334.992	-9.57929
335	-9.86591
335.007	-10.1522
335.015	-10.438
335.022	-10.7235
335.03	-11.0085
335.037	-11.2932
335.045	-11.5774
335.052	-11.8613
335.06	-12.1448
335.067	-12.4278
335.075	-12.7104
335.082	-12.9927
335.09	-13.2745
335.097	-13.5559
335.105	-13.8368
335.112	-14.1173
335.124	-14.5408
335.135	-14.9633
335.146	-15.3847
335.158	-15.8051
335.169	-16.2245
335.18	-16.6428
335.192	-17.0599
335.203	-17.476
335.214	-17.8909
335.226	-18.3047
335.237	-18.7173
335.248	-19.1287
335.26	-19.5388
335.271	-19.9477
335.282	-20.3552
335.294	-20.7615
335.305	-21.1663
335.316	-21.5698
335.328	-21.9719
335.339	-22.3724
335.35	-22.7714
335.362	-23.1686
335.373	-23.5641
335.384	-23.9578
335.396	-24.3497
335.407	-24.7396
335.418	-25.1276
335.43	-25.5137
335.441	-25.8977
335.452	-26.2798
335.464	-26.6597
335.475	-27.0375
335.486	-27.4131
335.498	-27.7865
335.509	-28.1576
335.52	-28.5264
335.532	-28.8929
335.543	-29.257
335.554	-29.6188
335.566	-29.9781
335.577	-30.3349
335.588	-30.6894
335.6	-31.0412
335.611	-31.3906
335.622	-31.7374
335.634	-32.0816
335.645	-32.4231
335.656	-32.762
335.668	-33.0982
335.679	-33.4316
335.69	-33.7623
335.701	-34.0903
335.713	-34.4154
335.724	-34.7378
335.735	-35.0573
335.747	-35.3739
335.758	-35.6876
335.769	-35.9985
335.781	-36.3064
335.792	-36.6114
335.803	-36.9135
335.815	-37.2126
335.826	-37.5087
335.837	-37.8019
335.849	-38.0921
335.86	-38.3792
335.871	-38.6634
335.883	-38.9445
335.894	-39.2227
335.905	-39.4978
335.917	-39.7699
335.928	-40.0389
335.939	-40.3049
335.951	-40.5679
335.962	-40.8279
335.973	-41.0848
335.985	-41.3387
335.996	-41.5896
336.007	-41.8375
336.019	-42.0823
336.03	-42.3242
336.041	-42.5631
336.053	-42.7991
336.064	-43.0321
336.075	-43.2622
336.082	-43.4056
336.09	-43.5479
336.097	-43.689
336.104	-43.829
336.111	-43.9679
336.118	-44.1057
336.125	-44.2423
336.132	-44.3779
336.14	-44.5123
336.147	-44.6456
336.154	-44.7779
336.161	-44.9091
336.168	-45.0392
336.175	-45.1682
336.182	-45.2962
336.19	-45.4231
336.197	-45.549
336.204	-45.6738
336.211	-45.7976
336.218	-45.9205
336.225	-46.0422
336.232	-46.163
336.24	-46.2828
336.247	-46.4017
336.254	-46.5195
336.261	-46.6364
336.268	-46.7523
336.275	-46.8673
336.282	-46.9813
336.289	-47.0944
336.297	-47.2066
336.304	-47.3179
336.311	-47.4282
336.318	-47.5377
336.325	-47.6463
336.332	-47.754
336.339	-47.8608
336.347	-47.9668
336.354	-48.0719
336.361	-48.1762
336.368	-48.2796
336.375	-48.3822
336.382	-48.484
336.389	-48.585
336.397	-48.6851
336.404	-48.7845
336.411	-48.8831
336.418	-48.9809
336.425	-49.0779
336.432	-49.1742
336.439	-49.2697
336.446	-49.3645
336.454	-49.4585
336.461	-49.5518
336.468	-49.6444
336.475	-49.7363
336.482	-49.8274
336.489	-49.9178
336.496	-50.0076
336.504	-50.0966
336.511	-50.185
336.518	-50.2727
336.525	-50.3597
336.532	-50.4461
336.539	-50.5318
336.546	-50.6169
336.553	-50.7013
336.561	-50.7851
336.568	-50.8682
336.575	-50.9508
336.582	-51.0327
336.589	-51.114
336.596	-51.1947
336.603	-51.2748
336.611	-51.3543
336.618	-51.4333
336.625	-51.5116
336.632	-51.5894
336.639	-51.6666
336.646	-51.7433
336.653	-51.8194
336.661	-51.895
336.668	-51.97
336.679	-52.0846
336.69	-52.198
336.701	-52.3101
336.712	-52.421
336.723	-52.5307
336.734	-52.6393
336.745	-52.7467
336.756	-52.8529
336.767	-52.9581
336.778	-53.0622
336.789	-53.1652
336.8	-53.2671
336.811	-53.368
336.822	-53.4679
336.833	-53.5668
336.844	-53.6647
336.855	-53.7616
336.866	-53.8576
336.877	-53.9527
336.888	-54.0468
336.899	-54.14
336.91	-54.2324
336.921	-54.3239
336.932	-54.4145
336.943	-54.5043
336.954	-54.5932
336.965	-54.6814
336.976	-54.7687
336.987	-54.8553
336.998	-54.9411
337.009	-55.0261
337.02	-55.1104
337.031	-55.1939
337.042	-55.2767
337.053	-55.3589
337.064	-55.4403
337.075	-55.521
337.086	-55.6011
337.097	-55.6805
337.108	-55.7592
337.119	-55.8373
337.13	-55.9148
337.141	-55.9916
337.152	-56.0679
337.163	-56.1435
337.174	-56.2186
337.185	-56.293
337.196	-56.3669
337.212	-56.4779
337.229	-56.5875
337.246	-56.696
337.263	-56.8032
337.274	-56.8735
337.285	-56.9433
337.296	-57.0126
337.307	-57.0814
337.318	-57.1497
337.329	-57.2175
337.34	-57.2848
337.351	-57.3517
337.362	-57.4181
337.373	-57.484
337.384	-57.5495
337.395	-57.6145
337.406	-57.6791
337.417	-57.7432
337.428	-57.8069
337.439	-57.8702
337.45	-57.9331
337.461	-57.9955
337.472	-58.0575
337.483	-58.1191
337.494	-58.1803
337.505	-58.2411
337.517	-58.3016
337.528	-58.3616
337.539	-58.4212
337.55	-58.4804
337.561	-58.5393
337.572	-58.5978
337.583	-58.6559
337.594	-58.7136
337.605	-58.771
337.624	-58.8686
337.643	-58.965
337.662	-59.0605
337.674	-59.1238
337.687	-59.1866
337.7	-59.249
337.712	-59.3109
337.725	-59.3724
337.738	-59.4335
337.75	-59.4941
337.763	-59.5543
337.776	-59.614
337.788	-59.6734
337.811	-59.7783
337.834	-59.8819
337.856	-59.9842
337.871	-60.0493
337.885	-60.1139
337.9	-60.1781
337.914	-60.2416
337.929	-60.3047
337.944	-60.3673
337.958	-60.4293
337.982	-60.529
338.005	-60.6274
338.029	-60.7245
338.053	-60.8203
338.076	-60.9148
338.1	-61.0081
338.124	-61.1002
338.147	-61.191
338.171	-61.2807
338.195	-61.3691
338.218	-61.4563
338.254	-61.5859
338.29	-61.7128
338.325	-61.8371
338.361	-61.9589
338.397	-62.0783
338.432	-62.1951
338.468	-62.3096
338.504	-62.4217
338.539	-62.5315
338.575	-62.639
338.611	-62.7443
338.647	-62.8474
338.682	-62.9483
338.718	-63.0471
338.754	-63.1438
338.789	-63.2385
338.825	-63.3312
338.861	-63.4219
338.896	-63.5106
338.932	-63.5975
338.968	-63.6825
339.004	-63.7656
339.039	-63.847
339.075	-63.9265
339.111	-64.0044
339.146	-64.0805
339.182	-64.1549
339.218	-64.2277
339.254	-64.2989
339.289	-64.3685
339.325	-64.4365
339.361	-64.5029
339.415	-64.6021
339.47	-64.6977
339.525	-64.79
339.58	-64.8789
339.635	-64.9646
339.718	-65.089
339.802	-65.2064
339.885	-65.3171
339.969	-65.4213
340.101	-65.5738
340.233	-65.7117
340.365	-65.8361
340.59	-66.019
340.814	-66.1691
341.039	-66.29
341.264	-66.3848
341.489	-66.4564
341.714	-66.5073
342.069	-66.5506
342.423	-66.5551
342.778	-66.5272
343.133	-66.4721
343.488	-66.3943
343.843	-66.2975
344.423	-66.1068
345.003	-65.8856
345.583	-65.6424
346.163	-65.3843
346.743	-65.1165
347.323	-64.8434
348.283	-64.3886
349.244	-63.94
350.204	-63.506
351.165	-63.0918
352.125	-62.7005
353.086	-62.3344
354.65	-61.7951
356.214	-61.3244
357.778	-60.9136
359.342	-60.5522
360.906	-60.2324
362.47	-59.9466
364.035	-59.6903
365.599	-59.4577
367.163	-59.2467
368.727	-59.0508
370.291	-58.8717
371.855	-58.7058
373.419	-58.5551
374.984	-58.4116
376.548	-58.2718
378.112	-58.1375
379.676	-58.0121
381.24	-57.897
382.804	-57.7892
384.368	-57.6854
385.932	-57.5837
387.497	-57.4849
389.061	-57.3924
390.625	-57.307
392.189	-57.2227
393.753	-57.1368
395.317	-57.0552
396.881	-56.9816
398.446	-56.9099
400.01	-56.827
400.401	-56.8044
400.792	-56.784
401.183	-56.7654
401.574	-56.7467
401.965	-56.7271
402.356	-56.7078
402.747	-56.6893
403.138	-56.6709
403.529	-56.6527
403.92	-56.6357
404.311	-56.6208
404.702	-56.6063
405.093	-56.5904
405.484	-56.5726
405.875	-56.5555
406.266	-56.54
406.657	-56.5252
407.048	-56.5088
407.439	-56.4923
407.83	-56.477
408.221	-56.4609
408.612	-56.4441
409.003	-56.4276
409.394	-56.4122
409.785	-56.3969
410.177	-56.3809
410.568	-56.362
410.959	-56.3417
411.35	-56.3221
411.741	-56.306
412.132	-56.2879
412.523	-56.2671
412.914	-56.2448
413.305	-56.2278
413.696	-56.2144
414.087	-56.1978
414.478	-56.179
414.869	-56.161
415.26	-56.1444
415.651	-56.1278
416.042	-56.1092
416.433	-56.089
416.824	-56.0679
417.215	-56.0486
417.606	-56.0303
417.997	-56.0103
418.388	-55.986
418.779	-55.9627
419.17	-55.9415
419.561	-55.9176
419.952	-55.8902
420.343	-55.8615
420.734	-55.8336
421.325	-55.7851
421.916	-55.7283
422.507	-55.6612
423.098	-55.5834
423.689	-55.4874
423.837	-55.4594
423.984	-55.4287
424.132	-55.3946
424.366	-55.3308
424.425	-55.3124
424.483	-55.2926
424.633	-55.234
424.67	-55.2169
424.707	-55.1986
424.745	-55.1787
424.782	-55.1569
424.82	-55.1329
424.829	-55.1264
424.838	-55.1198
424.848	-55.113
424.857	-55.1059
424.877	-55.0896
424.894	-55.0749
424.912	-55.059
424.929	-55.0418
424.946	-55.0229
424.958	-55.0087
424.97	-54.9933
424.982	-54.9767
424.994	-54.9584
425.006	-54.9384
425.018	-54.9162
425.03	-54.8913
425.042	-54.8632
425.054	-54.8312
425.065	-54.7946
425.077	-54.7525
425.089	-54.7037
425.101	-54.647
425.113	-54.5811
425.125	-54.5044
425.137	-54.4153
425.149	-54.3119
425.161	-54.1925
425.173	-54.0551
425.185	-53.8976
425.197	-53.718
425.209	-53.5147
425.221	-53.2872
425.233	-53.0364
425.245	-52.7639
425.257	-52.4715
425.269	-52.1598
425.281	-51.8285
425.293	-51.4757
425.304	-51.0984
425.316	-50.694
425.338	-49.8778
425.36	-48.9753
425.382	-48.023
425.404	-47.0729
425.426	-46.1681
425.448	-45.3281
425.47	-44.5546
425.492	-43.8413
425.514	-43.1775
425.536	-42.5501
425.558	-41.9467
425.579	-41.3576
425.601	-40.7761
425.623	-40.1956
425.645	-39.6083
425.667	-39.0051
425.7	-38.0498
425.752	-36.344
425.803	-34.1956
425.855	-31.2318
425.882	-29.1533
425.909	-26.4876
425.936	-22.9774
425.962	-18.2763
425.989	-12.0269
426.002	-8.44065
426.016	-4.5641
426.029	-0.532046
426.042	3.47726
426.055	7.28524
426.068	10.7578
426.081	13.8324
426.094	16.5062
426.107	18.8062
426.12	20.763
426.133	22.4063
426.146	23.7619
426.159	24.8537
426.172	25.7067
426.186	26.3464
426.199	26.7979
426.212	27.0847
426.225	27.229
426.238	27.2514
426.251	27.1705
426.264	27.003
426.277	26.7634
426.29	26.4632
426.303	26.1123
426.316	25.7182
426.329	25.2869
426.343	24.8237
426.356	24.3327
426.369	23.8177
426.382	23.282
426.395	22.7286
426.408	22.1602
426.421	21.5793
426.434	20.9877
426.447	20.3872
426.46	19.7796
426.473	19.1663
426.482	18.7793
426.49	18.3911
426.498	18.0019
426.506	17.6123
426.514	17.2224
426.523	16.8327
426.531	16.4434
426.539	16.0548
426.547	15.6672
426.555	15.2807
426.564	14.8955
426.572	14.5117
426.58	14.1294
426.588	13.7486
426.596	13.3693
426.605	12.9914
426.613	12.615
426.621	12.2398
426.629	11.8659
426.637	11.493
426.646	11.1211
426.654	10.7501
426.662	10.3799
426.67	10.0104
426.678	9.64145
426.687	9.27309
426.695	8.90524
426.703	8.53788
426.711	8.17099
426.72	7.80456
426.728	7.43859
426.736	7.0731
426.744	6.70811
426.752	6.34363
426.761	5.97971
426.769	5.61638
426.777	5.25368
426.785	4.89164
426.793	4.53031
426.802	4.16974
426.81	3.80997
426.818	3.45104
426.826	3.09299
426.834	2.73586
426.843	2.37969
426.851	2.02451
426.859	1.67034
426.867	1.31722
426.875	0.965165
426.884	0.6142
426.892	0.264339
426.9	-0.0844054
426.908	-0.432023
426.916	-0.778509
426.925	-1.12386
426.933	-1.46808
426.941	-1.81118
426.949	-2.15315
426.957	-2.49403
426.966	-2.83381
426.974	-3.17252
426.982	-3.51018
426.99	-3.84681
426.999	-4.18243
427.007	-4.51708
427.015	-4.85077
427.023	-5.18354
427.031	-5.51542
427.04	-5.84643
427.048	-6.17661
427.056	-6.50598
427.064	-6.83459
427.072	-7.16246
427.081	-7.48962
427.089	-7.81611
427.097	-8.14195
427.105	-8.46717
427.113	-8.7918
427.122	-9.11588
427.13	-9.43942
427.138	-9.76245
427.146	-10.085
427.154	-10.4071
427.163	-10.7287
427.171	-11.0499
427.179	-11.3706
427.187	-11.691
427.195	-12.011
427.204	-12.3306
427.212	-12.6499
427.22	-12.9687
427.228	-13.2872
427.236	-13.6054
427.245	-13.9232
427.253	-14.2407
427.261	-14.5578
427.269	-14.8746
427.277	-15.1911
427.286	-15.5072
427.294	-15.8229
427.302	-16.1383
427.31	-16.4533
427.319	-16.768
427.327	-17.0823
427.335	-17.3962
427.343	-17.7097
427.351	-18.0228
427.36	-18.3355
427.368	-18.6478
427.376	-18.9597
427.384	-19.2711
427.392	-19.582
427.401	-19.8925
427.409	-20.2025
427.417	-20.512
427.425	-20.821
427.433	-21.1295
427.442	-21.4374
427.45	-21.7447
427.458	-22.0513
427.466	-22.3573
427.474	-22.6625
427.483	-22.9669
427.491	-23.2705
427.499	-23.5732
427.507	-23.875
427.515	-24.1759
427.524	-24.4759
427.532	-24.7748
427.54	-25.0728
427.548	-25.3697
427.556	-25.6655
427.565	-25.9603
427.573	-26.254
427.581	-26.5466
427.589	-26.838
427.597	-27.1282
427.606	-27.4173
427.614	-27.7052
427.622	-27.9917
427.63	-28.277
427.639	-28.561
427.647	-28.8436
427.655	-29.1249
427.663	-29.4047
427.671	-29.6831
427.68	-29.9601
427.688	-30.2357
427.696	-30.5098
427.704	-30.7824
427.712	-31.0534
427.721	-31.323
427.729	-31.5911
427.737	-31.8576
427.745	-32.1225
427.753	-32.3859
427.762	-32.6478
427.77	-32.908
427.778	-33.1666
427.786	-33.4236
427.794	-33.6789
427.803	-33.9326
427.811	-34.1846
427.819	-34.435
427.827	-34.6836
427.835	-34.9306
427.844	-35.1758
427.852	-35.4193
427.86	-35.6611
427.868	-35.9011
427.876	-36.1394
427.885	-36.376
427.893	-36.6108
427.901	-36.8438
427.909	-37.075
427.917	-37.3045
427.926	-37.5322
427.934	-37.7581
427.942	-37.9822
427.95	-38.2046
427.958	-38.4252
427.967	-38.644
427.975	-38.861
427.983	-39.0763
427.991	-39.2897
428	-39.5015
428.008	-39.7114
428.016	-39.9196
428.024	-40.126
428.032	-40.3307
428.041	-40.5336
428.049	-40.7348
428.057	-40.9343
428.065	-41.132
428.073	-41.328
428.082	-41.5223
428.09	-41.7148
428.098	-41.9057
428.106	-42.0949
428.114	-42.2824
428.123	-42.4682
428.131	-42.6523
428.139	-42.8348
428.147	-43.0156
428.155	-43.1948
428.164	-43.3723
428.172	-43.5482
428.18	-43.7225
428.188	-43.8952
428.196	-44.0662
428.205	-44.2357
428.213	-44.4036
428.221	-44.5699
428.229	-44.7346
428.237	-44.8978
428.246	-45.0595
428.254	-45.2195
428.262	-45.3781
428.27	-45.5352
428.279	-45.6907
428.287	-45.8448
428.295	-45.9973
428.303	-46.1484
428.311	-46.298
428.32	-46.4462
428.328	-46.5929
428.336	-46.7382
428.344	-46.8821
428.352	-47.0245
428.361	-47.1656
428.369	-47.3052
428.377	-47.4435
428.385	-47.5804
428.393	-47.7159
428.402	-47.8501
428.41	-47.983
428.418	-48.1146
428.426	-48.2448
428.434	-48.3738
428.443	-48.5014
428.451	-48.6278
428.459	-48.753
428.467	-48.8769
428.475	-48.9995
428.484	-49.121
428.492	-49.2412
428.5	-49.3603
428.508	-49.4782
428.516	-49.5949
428.525	-49.7105
428.533	-49.8249
428.541	-49.9382
428.549	-50.0504
428.557	-50.1615
428.566	-50.2716
428.574	-50.3806
428.582	-50.4885
428.59	-50.5953
428.599	-50.7012
428.607	-50.806
428.615	-50.9099
428.623	-51.0127
428.631	-51.1146
428.64	-51.2155
428.648	-51.3155
428.656	-51.4145
428.664	-51.5126
428.672	-51.6098
428.681	-51.7061
428.689	-51.8015
428.697	-51.896
428.705	-51.9897
428.713	-52.0824
428.722	-52.1744
428.73	-52.2655
428.738	-52.3558
428.746	-52.4453
428.754	-52.5339
428.763	-52.6218
428.771	-52.7089
428.779	-52.7952
428.787	-52.8808
428.795	-52.9656
428.804	-53.0496
428.812	-53.1329
428.82	-53.2155
428.828	-53.2974
428.836	-53.3785
428.845	-53.459
428.853	-53.5387
428.861	-53.6178
428.869	-53.6962
428.878	-53.7739
428.886	-53.8509
428.894	-53.9273
428.902	-54.0031
428.91	-54.0782
428.919	-54.1527
428.927	-54.2265
428.935	-54.2998
428.943	-54.3724
428.951	-54.4445
428.96	-54.5159
428.968	-54.5868
428.976	-54.657
428.984	-54.7267
428.992	-54.7959
429.001	-54.8645
429.009	-54.9325
429.017	-55
429.025	-55.067
429.033	-55.1334
429.042	-55.1993
429.05	-55.2647
429.058	-55.3296
429.066	-55.394
429.074	-55.4579
429.083	-55.5213
429.091	-55.5842
429.099	-55.6466
429.107	-55.7086
429.115	-55.7701
429.124	-55.8312
429.132	-55.8918
429.14	-55.9519
429.148	-56.0116
429.156	-56.0709
429.165	-56.1298
429.173	-56.1882
429.181	-56.2463
429.189	-56.3039
429.198	-56.3611
429.206	-56.4179
429.214	-56.4743
429.222	-56.5303
429.23	-56.586
429.239	-56.6412
429.247	-56.6961
429.255	-56.7507
429.263	-56.8048
429.271	-56.8586
429.28	-56.9121
429.288	-56.9652
429.296	-57.0179
429.304	-57.0703
429.312	-57.1224
429.321	-57.1742
429.329	-57.2256
429.337	-57.2767
429.345	-57.3275
429.353	-57.3779
429.362	-57.4281
429.37	-57.478
429.378	-57.5275
429.386	-57.5768
429.394	-57.6257
429.403	-57.6744
429.411	-57.7228
429.419	-57.7709
429.427	-57.8187
429.44	-57.892
429.453	-57.9647
429.465	-58.0368
429.478	-58.1082
429.491	-58.179
429.503	-58.2492
429.516	-58.3189
429.529	-58.3879
429.541	-58.4564
429.554	-58.5243
429.567	-58.5917
429.579	-58.6586
429.592	-58.7249
429.605	-58.7906
429.617	-58.8559
429.63	-58.9207
429.643	-58.9849
429.655	-59.0487
429.663	-59.0865
429.671	-59.1241
429.678	-59.1615
429.686	-59.1987
429.693	-59.2358
429.701	-59.2727
429.708	-59.3095
429.716	-59.3461
429.723	-59.3825
429.731	-59.4188
429.738	-59.4549
429.746	-59.4909
429.754	-59.5267
429.761	-59.5624
429.769	-59.5979
429.776	-59.6332
429.784	-59.6684
429.791	-59.7035
429.799	-59.7384
429.806	-59.7731
429.814	-59.8077
429.822	-59.8422
429.829	-59.8765
429.841	-59.9301
429.853	-59.9834
429.865	-60.0363
429.876	-60.0889
429.888	-60.1411
429.9	-60.193
429.912	-60.2446
429.924	-60.2958
429.936	-60.3467
429.948	-60.3973
429.959	-60.4476
429.971	-60.4975
429.983	-60.5471
429.995	-60.5964
430.007	-60.6454
430.019	-60.6941
430.038	-60.7715
430.057	-60.8482
430.076	-60.9241
430.095	-60.9992
430.114	-61.0735
430.124	-61.112
430.134	-61.1503
430.149	-61.2107
430.165	-61.2705
430.181	-61.3298
430.197	-61.3886
430.212	-61.447
430.228	-61.5048
430.244	-61.5622
430.26	-61.6191
430.275	-61.6755
430.291	-61.7314
430.307	-61.7868
430.323	-61.8418
430.338	-61.8963
430.365	-61.988
430.392	-62.0784
430.419	-62.1675
430.445	-62.2552
430.472	-62.3417
430.499	-62.4269
430.526	-62.5109
430.553	-62.5936
430.579	-62.6751
430.606	-62.7554
430.633	-62.8345
430.675	-62.9567
430.717	-63.076
430.76	-63.1925
430.802	-63.3063
430.844	-63.4173
430.886	-63.5257
430.928	-63.6314
430.971	-63.7346
431.013	-63.8353
431.055	-63.9335
431.097	-64.0294
431.139	-64.1228
431.182	-64.214
431.224	-64.3028
431.266	-64.3895
431.308	-64.4739
431.35	-64.5563
431.393	-64.6365
431.435	-64.7146
431.477	-64.7908
431.519	-64.8649
431.561	-64.9371
431.604	-65.0074
431.646	-65.0757
431.688	-65.1423
431.73	-65.207
431.817	-65.3346
431.904	-65.4549
431.991	-65.5683
432.077	-65.6749
432.164	-65.775
432.251	-65.8689
432.389	-66.006
432.527	-66.129
432.76	-66.3069
432.993	-66.4509
433.227	-66.5648
433.46	-66.6518
433.693	-66.7149
433.926	-66.7567
434.159	-66.7794
434.519	-66.7818
434.878	-66.7504
435.237	-66.6905
435.597	-66.607
435.956	-66.5036
436.315	-66.3839
436.903	-66.1602
437.491	-65.9106
438.079	-65.6432
438.667	-65.3642
439.255	-65.0785
439.843	-64.79
440.822	-64.3124
441.801	-63.847
442.78	-63.402
443.76	-62.9821
444.739	-62.59
445.718	-62.2274
447.308	-61.7031
448.898	-61.2534
450.488	-60.8675
452.079	-60.533
453.669	-60.2406
455.259	-59.9815
456.849	-59.7511
458.439	-59.5434
460.029	-59.3565
461.619	-59.183
463.209	-59.0223
464.799	-58.8707
466.39	-58.7368
467.98	-58.6144
469.57	-58.4955
471.16	-58.3783
472.75	-58.2697
474.34	-58.1762
475.93	-58.0881
477.52	-57.9977
479.11	-57.9071
480.701	-57.8214
482.291	-57.7396
483.881	-57.6664
485.471	-57.5967
487.061	-57.5274
488.651	-57.4565
490.241	-57.3875
491.831	-57.3218
493.421	-57.2582
495.012	-57.1952
496.602	-57.1304
498.192	-57.0679
499.782	-57.0089
501.372	-56.9543
502.962	-56.9001
504.552	-56.8464
506.142	-56.7913
507.732	-56.7378
508.13	-56.7245
508.528	-56.7106
508.925	-56.6956
509.323	-56.6807
509.72	-56.6667
510.118	-56.6546
510.515	-56.6423
510.913	-56.6285
511.31	-56.6121
511.708	-56.5964
512.105	-56.5831
512.503	-56.5728
512.9	-56.563
513.298	-56.5508
513.695	-56.5364
514.093	-56.5209
514.49	-56.5069
514.888	-56.4926
515.164	-56.4814
515.441	-56.4701
515.717	-56.4593
515.993	-56.4486
516.27	-56.4374
516.399	-56.432
516.529	-56.4266
516.75	-56.4176
516.972	-56.4089
517.193	-56.4002
517.644	-56.3814
518.094	-56.3613
518.545	-56.3403
519.237	-56.3074
519.93	-56.2725
520.623	-56.2365
520.796	-56.227
520.97	-56.2173
521.143	-56.2073
521.768	-56.1686
522.393	-56.1249
523.019	-56.0754
523.644	-56.0175
524.269	-55.9475
524.612	-55.902
524.956	-55.8488
525.042	-55.8341
525.128	-55.8187
525.273	-55.7906
525.509	-55.7378
525.568	-55.7231
525.627	-55.7075
525.791	-55.6584
525.874	-55.6293
525.957	-55.5961
525.978	-55.5871
525.999	-55.5777
526.039	-55.5583
526.079	-55.5371
526.102	-55.5238
526.125	-55.5096
526.148	-55.4944
526.162	-55.4848
526.176	-55.4747
526.19	-55.4641
526.204	-55.4529
526.218	-55.4411
526.232	-55.4285
526.245	-55.415
526.259	-55.4005
526.273	-55.3849
526.287	-55.3678
526.301	-55.349
526.315	-55.3282
526.329	-55.3049
526.337	-55.289
526.346	-55.2718
526.354	-55.253
526.363	-55.2325
526.372	-55.21
526.38	-55.1853
526.389	-55.1579
526.397	-55.1277
526.406	-55.0941
526.414	-55.0568
526.423	-55.0152
526.432	-54.9689
526.44	-54.9173
526.449	-54.8599
526.457	-54.7959
526.466	-54.7247
526.474	-54.6457
526.487	-54.51
526.5	-54.352
526.513	-54.1693
526.526	-53.9592
526.539	-53.7205
526.552	-53.4536
526.565	-53.1605
526.578	-52.8434
526.591	-52.5035
526.604	-52.1401
526.617	-51.7503
526.63	-51.3299
526.643	-50.875
526.663	-50.0988
526.683	-49.2469
526.703	-48.3513
526.723	-47.4577
526.743	-46.6061
526.763	-45.8137
526.783	-45.0797
526.803	-44.398
526.824	-43.7632
526.844	-43.1679
526.864	-42.6019
526.884	-42.0555
526.904	-41.5221
526.924	-40.997
526.944	-40.4751
526.964	-39.95
526.995	-39.1335
527.04	-37.8095
527.086	-36.2817
527.132	-34.4142
527.178	-31.9452
527.206	-29.9865
527.234	-27.4845
527.261	-24.1886
527.289	-19.7517
527.317	-13.7721
527.331	-10.0049
527.346	-5.82542
527.36	-1.40758
527.375	3.01968
527.389	7.20975
527.404	10.9775
527.418	14.2434
527.432	17.0128
527.447	19.3253
527.461	21.2203
527.476	22.7346
527.49	23.9026
527.505	24.7602
527.519	25.3449
527.534	25.694
527.548	25.8423
527.562	25.8218
527.577	25.6617
527.591	25.3879
527.606	25.0229
527.62	24.5847
527.635	24.0883
527.649	23.5449
527.664	22.9635
527.678	22.351
527.693	21.7127
527.707	21.0532
527.721	20.3766
527.73	19.9582
527.739	19.5354
527.748	19.1088
527.757	18.679
527.765	18.2464
527.774	17.8116
527.783	17.3748
527.792	16.9365
527.801	16.497
527.809	16.0567
527.818	15.6159
527.827	15.1751
527.836	14.7346
527.845	14.2948
527.853	13.856
527.862	13.4185
527.871	12.9827
527.88	12.5489
527.888	12.1172
527.897	11.6878
527.906	11.2609
527.915	10.8365
527.924	10.4146
527.932	9.99532
527.941	9.57847
527.95	9.16396
527.959	8.75167
527.968	8.34142
527.976	7.93307
527.985	7.52645
527.994	7.1214
528.003	6.71779
528.012	6.31548
528.02	5.91437
528.029	5.51437
528.038	5.11542
528.047	4.71745
528.055	4.32043
528.064	3.92433
528.073	3.52913
528.082	3.13484
528.091	2.74144
528.099	2.34895
528.108	1.95738
528.117	1.56674
528.126	1.17707
528.135	0.788366
528.143	0.400673
528.152	0.0140094
528.161	-0.371598
528.17	-0.756127
528.179	-1.13955
528.187	-1.52186
528.196	-1.90301
528.205	-2.28301
528.214	-2.66183
528.222	-3.03946
528.231	-3.41588
528.24	-3.79108
528.249	-4.16507
528.258	-4.53782
528.266	-4.90934
528.275	-5.27964
528.284	-5.64872
528.293	-6.01658
528.302	-6.38326
528.31	-6.74876
528.319	-7.1131
528.328	-7.47631
528.337	-7.83843
528.346	-8.19947
528.354	-8.55948
528.363	-8.91849
528.372	-9.27654
528.381	-9.63366
528.389	-9.9899
528.398	-10.3453
528.407	-10.6999
528.416	-11.0538
528.425	-11.4069
528.433	-11.7594
528.442	-12.1112
528.451	-12.4625
528.46	-12.8132
528.469	-13.1633
528.477	-13.513
528.486	-13.8623
528.495	-14.2111
528.504	-14.5595
528.513	-14.9076
528.521	-15.2553
528.53	-15.6026
528.539	-15.9497
528.548	-16.2964
528.557	-16.6428
528.565	-16.9889
528.574	-17.3347
528.583	-17.6802
528.592	-18.0254
528.6	-18.3702
528.609	-18.7148
528.618	-19.0591
528.627	-19.403
528.636	-19.7466
528.644	-20.0898
528.653	-20.4326
528.662	-20.7751
528.671	-21.1171
528.68	-21.4587
528.688	-21.7998
528.697	-22.1402
528.706	-22.4799
528.715	-22.8189
528.724	-23.1571
528.732	-23.4944
528.741	-23.8308
528.75	-24.1662
528.759	-24.5007
528.767	-24.8341
528.776	-25.1664
528.785	-25.4977
528.794	-25.8278
528.803	-26.1568
528.811	-26.4845
528.82	-26.811
528.829	-27.1363
528.838	-27.4602
528.847	-27.7828
528.855	-28.104
528.864	-28.4238
528.873	-28.742
528.882	-29.0588
528.891	-29.3739
528.899	-29.6875
528.908	-29.9993
528.917	-30.3094
528.926	-30.6177
528.934	-30.9242
528.943	-31.2289
528.952	-31.5317
528.961	-31.8326
528.97	-32.1316
528.978	-32.4286
528.987	-32.7237
528.996	-33.0167
529.005	-33.3077
529.014	-33.5967
529.022	-33.8836
529.031	-34.1684
529.04	-34.4511
529.049	-34.7317
529.057	-35.0101
529.066	-35.2864
529.075	-35.5604
529.084	-35.8323
529.093	-36.102
529.101	-36.3694
529.11	-36.6346
529.119	-36.8976
529.128	-37.1582
529.137	-37.4167
529.145	-37.6728
529.154	-37.9267
529.163	-38.1782
529.172	-38.4276
529.181	-38.6746
529.189	-38.9193
529.198	-39.1618
529.207	-39.402
529.216	-39.6399
529.224	-39.8756
529.233	-40.109
529.242	-40.3402
529.251	-40.5691
529.26	-40.7958
529.268	-41.0202
529.277	-41.2425
529.286	-41.4625
529.295	-41.6804
529.304	-41.8961
529.312	-42.1096
529.321	-42.321
529.33	-42.5303
529.339	-42.7374
529.348	-42.9424
529.356	-43.1454
529.365	-43.3462
529.374	-43.545
529.383	-43.7418
529.392	-43.9366
529.4	-44.1293
529.409	-44.32
529.418	-44.5088
529.427	-44.6956
529.435	-44.8805
529.444	-45.0635
529.453	-45.2445
529.462	-45.4237
529.471	-45.6009
529.479	-45.7764
529.488	-45.95
529.497	-46.1217
529.506	-46.2917
529.515	-46.4599
529.523	-46.6263
529.532	-46.791
529.541	-46.9539
529.55	-47.1151
529.559	-47.2746
529.567	-47.4324
529.576	-47.5886
529.585	-47.7431
529.594	-47.8959
529.602	-48.0471
529.611	-48.1968
529.62	-48.3448
529.629	-48.4912
529.638	-48.6361
529.646	-48.7794
529.655	-48.9212
529.664	-49.0614
529.673	-49.2002
529.682	-49.3375
529.69	-49.4732
529.699	-49.6075
529.708	-49.7404
529.717	-49.8718
529.726	-50.0018
529.734	-50.1304
529.743	-50.2575
529.752	-50.3833
529.761	-50.5078
529.769	-50.6309
529.778	-50.7526
529.787	-50.873
529.796	-50.9921
529.805	-51.11
529.813	-51.2265
529.822	-51.3418
529.831	-51.4558
529.84	-51.5686
529.849	-51.6802
529.857	-51.7906
529.866	-51.8998
529.875	-52.0078
529.884	-52.1147
529.893	-52.2204
529.901	-52.3251
529.91	-52.4286
529.919	-52.531
529.928	-52.6323
529.936	-52.7326
529.945	-52.8319
529.954	-52.9301
529.963	-53.0273
529.972	-53.1235
529.98	-53.2187
529.989	-53.3129
529.998	-53.4062
530.007	-53.4986
530.016	-53.59
530.024	-53.6805
530.033	-53.7701
530.042	-53.8588
530.051	-53.9466
530.06	-54.0335
530.068	-54.1196
530.077	-54.2049
530.086	-54.2893
530.095	-54.3729
530.103	-54.4557
530.112	-54.5378
530.121	-54.619
530.13	-54.6994
530.139	-54.7791
530.147	-54.8581
530.156	-54.9362
530.165	-55.0137
530.174	-55.0904
530.183	-55.1664
530.191	-55.2417
530.2	-55.3164
530.209	-55.3903
530.218	-55.4635
530.227	-55.5361
530.235	-55.608
530.244	-55.6792
530.253	-55.7499
530.262	-55.8198
530.27	-55.8892
530.279	-55.9579
530.288	-56.026
530.297	-56.0935
530.306	-56.1604
530.314	-56.2267
530.323	-56.2924
530.332	-56.3576
530.341	-56.4222
530.35	-56.4862
530.358	-56.5497
530.367	-56.6126
530.376	-56.675
530.385	-56.7369
530.394	-56.7982
530.402	-56.859
530.411	-56.9193
530.42	-56.9791
530.429	-57.0385
530.438	-57.0973
530.446	-57.1556
530.455	-57.2135
530.464	-57.2709
530.473	-57.3279
530.481	-57.3844
530.49	-57.4404
530.499	-57.496
530.508	-57.5512
530.517	-57.606
530.525	-57.6603
530.534	-57.7142
530.543	-57.7677
530.552	-57.8208
530.561	-57.8735
530.569	-57.9258
530.578	-57.9778
530.587	-58.0293
530.596	-58.0805
530.604	-58.1313
530.613	-58.1818
530.622	-58.2319
530.631	-58.2816
530.64	-58.331
530.648	-58.38
530.657	-58.4288
530.666	-58.4771
530.675	-58.5252
530.684	-58.5729
530.692	-58.6204
530.701	-58.6675
530.71	-58.7143
530.719	-58.7608
530.728	-58.807
530.736	-58.8529
530.745	-58.8985
530.754	-58.9438
530.763	-58.9888
530.771	-59.0336
530.786	-59.1045
530.8	-59.1748
530.814	-59.2443
530.828	-59.3133
530.842	-59.3815
530.856	-59.4492
530.87	-59.5162
530.884	-59.5827
530.898	-59.6485
530.912	-59.7138
530.926	-59.7785
530.94	-59.8426
530.954	-59.9062
530.968	-59.9692
530.982	-60.0318
530.996	-60.0938
531.01	-60.1553
531.02	-60.1974
531.029	-60.2393
531.039	-60.281
531.049	-60.3224
531.059	-60.3636
531.068	-60.4045
531.078	-60.4453
531.088	-60.4858
531.097	-60.5261
531.107	-60.5662
531.117	-60.6061
531.126	-60.6458
531.136	-60.6852
531.146	-60.7245
531.155	-60.7635
531.165	-60.8024
531.175	-60.841
531.184	-60.8795
531.201	-60.9447
531.217	-61.0093
531.234	-61.0734
531.25	-61.1369
531.267	-61.1998
531.284	-61.2623
531.295	-61.3055
531.307	-61.3485
531.318	-61.3912
531.33	-61.4337
531.341	-61.4759
531.353	-61.5179
531.364	-61.5596
531.383	-61.6259
531.401	-61.6916
531.42	-61.7567
531.438	-61.8212
531.457	-61.885
531.475	-61.9483
531.488	-61.9921
531.501	-62.0356
531.514	-62.0788
531.527	-62.1217
531.539	-62.1644
531.552	-62.2067
531.565	-62.2488
531.578	-62.2906
531.591	-62.3321
531.612	-62.3979
531.632	-62.4629
531.653	-62.5272
531.673	-62.5909
531.709	-62.6988
531.744	-62.8048
531.78	-62.9088
531.815	-63.0109
531.85	-63.1111
531.886	-63.2094
531.921	-63.3059
531.957	-63.4005
531.992	-63.4934
532.027	-63.5845
532.063	-63.6739
532.098	-63.7615
532.134	-63.8475
532.169	-63.9317
532.204	-64.0144
532.24	-64.0954
532.275	-64.1748
532.311	-64.2527
532.346	-64.329
532.381	-64.4038
532.417	-64.4771
532.452	-64.5489
532.488	-64.6193
532.523	-64.6882
532.558	-64.7558
532.594	-64.8219
532.629	-64.8866
532.665	-64.9501
532.7	-65.0121
532.735	-65.0729
532.771	-65.1324
532.806	-65.1906
532.842	-65.2475
532.877	-65.3032
532.933	-65.3882
532.988	-65.4703
533.044	-65.5494
533.099	-65.6258
533.189	-65.7434
533.279	-65.854
533.369	-65.9579
533.459	-66.0554
533.548	-66.1466
533.689	-66.2774
533.903	-66.4503
534.117	-66.594
534.331	-66.7113
534.545	-66.8046
534.759	-66.8764
534.974	-66.9288
535.188	-66.9637
535.402	-66.9827
535.616	-66.9876
535.964	-66.9685
536.312	-66.9207
536.66	-66.8487
537.008	-66.7565
537.573	-66.5715
538.139	-66.3532
538.704	-66.1105
539.27	-65.8506
539.835	-65.5794
540.401	-65.3015
541.314	-64.8481
542.228	-64.3989
543.141	-63.9627
544.054	-63.5451
544.968	-63.1497
545.881	-62.7797
547.404	-62.224
548.927	-61.7452
550.45	-61.3352
551.973	-60.982
553.496	-60.6767
555.019	-60.4109
556.542	-60.178
558.065	-59.9711
559.587	-59.7852
561.11	-59.617
562.633	-59.4656
564.156	-59.3255
565.679	-59.1957
567.202	-59.0721
568.725	-58.9585
570.248	-58.8526
571.771	-58.7611
573.294	-58.6744
574.817	-58.5885
576.34	-58.4934
577.863	-58.4056
579.386	-58.3344
580.909	-58.2741
582.431	-58.2109
583.954	-58.141
585.016	-58.0918
586.078	-58.0456
587.14	-58.0032
588.202	-57.9642
589.264	-57.9242
590.326	-57.8863
590.999	-57.8648
591.671	-57.8432
592.343	-57.8194
593.016	-57.793
593.688	-57.7681
594.36	-57.7465
595.033	-57.7275
595.705	-57.7063
596.377	-57.6846
596.846	-57.6708
597.315	-57.6569
597.784	-57.6414
598.252	-57.6237
598.721	-57.6077
599.19	-57.5943
599.659	-57.5826
600	-57.5727
600	-57.5727
600	-57.6278
600	-57.6654
600	-57.7059
600	-57.7285
600	-57.7554
600	-57.7541
600	-57.7497
600	-57.7476
600	-57.7475
600	-57.7481
600	-57.7511
600.001	-57.7691
600.001	-57.785
600.003	-57.8111
600.004	-57.8475
600.007	-57.8991
600.01	-57.9474
600.015	-58.0288
600.02	-58.1037
600.033	-58.2661
600.045	-58.4055
600.058	-58.5291
600.07	-58.6418
600.083	-58.7463
600.105	-58.9169
600.127	-59.0727
600.163	-59.3038
600.199	-59.5124
600.266	-59.8538
600.332	-60.1562
600.399	-60.4296
600.466	-60.6793
600.532	-60.9092
600.643	-61.2546
600.753	-61.5633
600.864	-61.8426
601.041	-62.2399
601.219	-62.5882
601.396	-62.8975
601.726	-63.3946
602.056	-63.8129
602.387	-64.1716
602.717	-64.485
603.047	-64.7644
603.377	-65.0174
603.884	-65.3648
604.391	-65.6729
604.897	-65.95
605.404	-66.2024
606.166	-66.5453
607.404	-67.0297
608.642	-67.4505
609.88	-67.8247
611.118	-68.1616
612.355	-68.4671
613.593	-68.7459
614.831	-69.0014
616.069	-69.2365
618.076	-69.5792
620.084	-69.8809
622.091	-70.1476
625.116	-70.4921
628.14	-70.7791
631.164	-71.0181
636.264	-71.3328
641.364	-71.5579
646.465	-71.7158
651.565	-71.8211
656.665	-71.8852
661.765	-71.9197
666.865	-71.9318
671.966	-71.9262
677.066	-71.9075
682.166	-71.8789
690.603	-71.8165
699.041	-71.7432
707.478	-71.6642
715.915	-71.5832
724.353	-71.5033
732.79	-71.4259
741.227	-71.352
749.665	-71.2823
762.763	-71.1828
775.861	-71.094
797.161	-70.9712
818.462	-70.8716
839.762	-70.7911
861.062	-70.7264
893.705	-70.6494
926.347	-70.5943
958.99	-70.5506
991.633	-70.5158
1024.28	-70.4914
1056.92	-70.4694
1089.56	-70.4494
1122.2	-70.4346
1154.85	-70.4187
1187.49	-70.4021
1220.13	-70.3938
1238.42	-70.3884
1256.71	-70.382
1275	-70.3754
1293.29	-70.3686
1300	-70.3662
1300	-70.3662
