t soma.v(0.5)
1131 2
 0 -65
 0.00147926 -65.0005
 0.0268789 -65.0092
 0.0751979 -65.0249
 0.123517 -65.0404
 0.213369 -65.0689
 0.303221 -65.0972
 0.536681 -65.1706
 0.77014 -65.2436
 1.0036 -65.3165
 1.23706 -65.3891
 1.59298 -65.4993
 1.94891 -65.6085
 2.49588 -65.7743
 3.04285 -65.9374
 3.58983 -66.0974
 4.51578 -66.3611
 5.44174 -66.6151
 7.02917 -67.028
 8.6166 -67.4121
 10.204 -67.7683
 11.7915 -68.0978
 13.3789 -68.402
 16.0181 -68.8558
 18.6572 -69.2502
 21.2963 -69.5914
 25.3821 -70.0279
 29.4679 -70.37
 33.5537 -70.6341
 37.6395 -70.834
 41.7252 -70.9816
 48.0875 -71.1295
 54.4497 -71.2032
 60.812 -71.2245
 67.1742 -71.2096
 73.5365 -71.1706
 79.8987 -71.1165
 89.734 -71.0175
 99.5693 -70.9123
 109.405 -70.809
 119.24 -70.7118
 129.075 -70.6233
 138.911 -70.5441
 148.746 -70.4742
 158.581 -70.4128
 168.416 -70.3591
 178.252 -70.3123
 188.087 -70.2717
 197.922 -70.2363
 207.758 -70.2058
 217.593 -70.1793
 227.428 -70.1563
 237.264 -70.1363
 247.099 -70.1191
 256.934 -70.1039
 266.769 -70.0906
 276.605 -70.079
 286.44 -70.0691
 296.275 -70.0605
 306.111 -70.0534
 315.946 -70.047
 325.781 -70.0418
 335.617 -70.0374
 345.452 -70.0336
 355.287 -70.029
 365.122 -70.0255
 374.958 -70.0221
 384.793 -70.0205
 394.628 -70.0193
 404.464 -70.0186
 414.299 -70.015
 424.134 -70.0116
 433.97 -70.0091
 443.805 -70.0098
 453.64 -70.0078
 460.416 -70.0057
 467.191 -70.0062
 473.967 -70.0086
 480.742 -70.0089
 487.518 -70.0076
 494.293 -70.0065
 501.069 -70.007
 507.844 -70.0063
 514.619 -70.0059
 521.395 -70.0052
 528.17 -70.0058
 534.946 -70.0035
 541.721 -70.0013
 548.497 -69.9993
 555.272 -70.0008
 562.048 -70.0001
 566.597 -69.9985
 571.146 -69.9995
 575.696 -70.0029
 580.245 -70.0046
 584.794 -70.004
 589.343 -70.0031
 593.893 -70.0037
 598.442 -70.004
 602.991 -70.0039
 607.54 -70.0038
 612.089 -70.0042
 616.639 -70.0039
 621.188 -70.0037
 625.737 -70.0034
 630.286 -70.0038
 634.836 -70.0031
 639.385 -70.0029
 643.934 -70.0039
 648.483 -70.0053
 653.033 -70.0048
 657.582 -70.0033
 662.131 -70.0029
 666.68 -70.0038
 671.229 -70.0043
 675.779 -70.004
 680.328 -70.0037
 684.877 -70.0038
 689.426 -70.0039
 693.976 -70.0038
 698.525 -70.0037
 703.074 -70.0038
 710.425 -70.0036
 717.775 -70.0033
 725.125 -70.0033
 739.791 -70.0033
 754.456 -70.0034
 777.075 -70.0036
 816.652 -70.0035
 856.229 -70.004
 895.805 -70.0039
 935.382 -70.0035
 974.959 -70.0032
 1000 -70.0036
 1000 -70.0036
 1000 -69.9485
 1000 -69.9108
 1000 -69.8703
 1000 -69.8477
 1000 -69.8208
 1000 -69.8222
 1000 -69.8265
 1000 -69.8286
 1000 -69.8288
 1000 -69.8281
 1000 -69.8251
 1000 -69.8071
 1000 -69.7912
 1000 -69.765
 1000 -69.7286
 1000.01 -69.6767
 1000.01 -69.6283
 1000.02 -69.5465
 1000.02 -69.4712
 1000.03 -69.3076
 1000.05 -69.1668
 1000.06 -69.0417
 1000.07 -68.9275
 1000.08 -68.8215
 1000.1 -68.648
 1000.13 -68.4893
 1000.16 -68.2533
 1000.2 -68.0398
 1000.27 -67.69
 1000.33 -67.3789
 1000.4 -67.0963
 1000.47 -66.837
 1000.53 -66.5973
 1000.64 -66.2339
 1000.75 -65.9064
 1000.86 -65.6075
 1001.04 -65.1779
 1001.22 -64.7949
 1001.39 -64.4489
 1001.73 -63.8731
 1002.06 -63.3725
 1002.39 -62.929
 1002.73 -62.5291
 1003.06 -62.1618
 1003.39 -61.8202
 1003.93 -61.3135
 1004.46 -60.8494
 1005 -60.4194
 1005.54 -60.0167
 1006.07 -59.6364
 1006.97 -59.0408
 1007.87 -58.4865
 1008.76 -57.9644
 1009.66 -57.4652
 1010.56 -56.9818
 1011.46 -56.5011
 1012.35 -56.0036
 1012.58 -55.8735
 1012.8 -55.7386
 1013.03 -55.5963
 1013.25 -55.4431
 1013.31 -55.4026
 1013.36 -55.3609
 1013.46 -55.2856
 1013.56 -55.2049
 1013.65 -55.1164
 1013.68 -55.0927
 1013.7 -55.0682
 1013.75 -55.0215
 1013.79 -54.9709
 1013.82 -54.9373
 1013.84 -54.9013
 1013.86 -54.8793
 1013.88 -54.8561
 1013.89 -54.8316
 1013.91 -54.8055
 1013.92 -54.7776
 1013.94 -54.7474
 1013.95 -54.727
 1013.96 -54.7054
 1013.97 -54.6822
 1013.98 -54.6573
 1013.99 -54.6302
 1014 -54.6006
 1014.01 -54.5681
 1014.02 -54.5319
 1014.03 -54.4916
 1014.04 -54.4462
 1014.05 -54.395
 1014.06 -54.337
 1014.07 -54.2711
 1014.08 -54.1961
 1014.08 -54.1109
 1014.09 -54.0141
 1014.1 -53.9045
 1014.11 -53.7805
 1014.12 -53.6408
 1014.13 -53.4839
 1014.14 -53.3087
 1014.15 -53.1148
 1014.16 -52.9022
 1014.17 -52.672
 1014.18 -52.4251
 1014.19 -52.1626
 1014.2 -51.8845
 1014.21 -51.5905
 1014.22 -51.2789
 1014.24 -50.7446
 1014.25 -50.1549
 1014.27 -49.5079
 1014.28 -48.8102
 1014.3 -48.0786
 1014.32 -47.3367
 1014.33 -46.6072
 1014.35 -45.9056
 1014.36 -45.239
 1014.38 -44.6086
 1014.39 -44.0119
 1014.41 -43.4449
 1014.42 -42.9029
 1014.44 -42.3808
 1014.47 -41.4025
 1014.5 -40.4487
 1014.53 -39.4878
 1014.56 -38.4892
 1014.59 -37.4186
 1014.62 -36.2339
 1014.65 -34.8779
 1014.68 -33.2702
 1014.71 -31.2896
 1014.74 -28.7498
 1014.77 -25.3525
 1014.8 -20.6513
 1014.83 -14.0104
 1014.85 -9.16316
 1014.87 -3.70765
 1014.88 2.03764
 1014.9 7.61745
 1014.92 12.6711
 1014.94 16.9864
 1014.95 20.5636
 1014.97 23.5656
 1014.98 25.2839
 1014.99 26.8116
 1015.01 28.1632
 1015.02 29.361
 1015.03 30.4245
 1015.04 31.3676
 1015.05 32.2023
 1015.06 32.9411
 1015.08 33.5969
 1015.09 34.1811
 1015.1 34.7038
 1015.11 35.1733
 1015.12 35.5969
 1015.13 35.9808
 1015.14 36.3298
 1015.16 36.6477
 1015.17 36.9372
 1015.18 37.2004
 1015.19 37.4389
 1015.2 37.654
 1015.21 37.8469
 1015.22 38.0185
 1015.24 38.1698
 1015.25 38.302
 1015.26 38.416
 1015.27 38.513
 1015.28 38.5937
 1015.29 38.659
 1015.3 38.7098
 1015.32 38.7469
 1015.33 38.7714
 1015.34 38.784
 1015.35 38.7857
 1015.36 38.7776
 1015.37 38.7602
 1015.38 38.7345
 1015.4 38.701
 1015.41 38.66
 1015.42 38.6119
 1015.43 38.5569
 1015.44 38.495
 1015.45 38.4261
 1015.46 38.35
 1015.48 38.2666
 1015.49 38.1757
 1015.5 38.0771
 1015.51 37.9706
 1015.52 37.8562
 1015.53 37.7339
 1015.54 37.6037
 1015.56 37.4656
 1015.57 37.3201
 1015.58 37.1672
 1015.59 37.0072
 1015.6 36.8406
 1015.61 36.6675
 1015.62 36.4884
 1015.64 36.3037
 1015.65 36.1137
 1015.66 35.9187
 1015.67 35.7191
 1015.68 35.5152
 1015.69 35.3073
 1015.7 35.0956
 1015.72 34.8804
 1015.73 34.6618
 1015.74 34.44
 1015.75 34.2151
 1015.76 33.9873
 1015.77 33.7565
 1015.78 33.523
 1015.8 33.2866
 1015.81 33.0474
 1015.82 32.8056
 1015.83 32.561
 1015.84 32.3137
 1015.85 32.0637
 1015.87 31.8111
 1015.88 31.5559
 1015.89 31.298
 1015.9 31.0376
 1015.91 30.7746
 1015.92 30.5091
 1015.93 30.2411
 1015.95 29.9706
 1015.96 29.6976
 1015.97 29.4223
 1015.98 29.1445
 1015.99 28.8644
 1016 28.5821
 1016.01 28.2974
 1016.03 28.0106
 1016.04 27.7217
 1016.05 27.4306
 1016.06 27.1375
 1016.07 26.8425
 1016.08 26.5456
 1016.09 26.2469
 1016.11 25.9464
 1016.12 25.6442
 1016.13 25.3404
 1016.14 25.0351
 1016.15 24.7283
 1016.16 24.42
 1016.17 24.1104
 1016.19 23.7995
 1016.2 23.4874
 1016.21 23.1741
 1016.22 22.8597
 1016.23 22.5443
 1016.24 22.2279
 1016.25 21.9107
 1016.27 21.5926
 1016.28 21.2738
 1016.29 20.9543
 1016.3 20.6343
 1016.31 20.3137
 1016.32 19.9926
 1016.33 19.6712
 1016.35 19.3494
 1016.36 19.0273
 1016.37 18.7051
 1016.38 18.3826
 1016.39 18.06
 1016.4 17.7374
 1016.41 17.4147
 1016.43 17.092
 1016.44 16.7693
 1016.45 16.4467
 1016.46 16.1242
 1016.47 15.8017
 1016.48 15.4795
 1016.49 15.1574
 1016.51 14.8355
 1016.52 14.5138
 1016.53 14.1923
 1016.54 13.871
 1016.55 13.5501
 1016.56 13.2294
 1016.58 12.909
 1016.59 12.5889
 1016.6 12.2692
 1016.61 11.9498
 1016.62 11.6308
 1016.63 11.3121
 1016.64 10.9939
 1016.66 10.676
 1016.67 10.3586
 1016.68 10.0416
 1016.69 9.72506
 1016.7 9.40895
 1016.71 9.09331
 1016.72 8.77815
 1016.74 8.46347
 1016.75 8.1493
 1016.76 7.83562
 1016.77 7.52247
 1016.78 7.20984
 1016.79 6.89775
 1016.8 6.5862
 1016.82 6.27521
 1016.83 5.96479
 1016.84 5.65494
 1016.85 5.34568
 1016.86 5.03703
 1016.87 4.72898
 1016.88 4.42156
 1016.9 4.11478
 1016.91 3.80865
 1016.92 3.50318
 1016.93 3.1984
 1016.94 2.89431
 1016.95 2.59093
 1016.96 2.28828
 1016.98 1.98637
 1016.99 1.68523
 1017 1.38486
 1017.01 1.08529
 1017.02 0.786534
 1017.03 0.488609
 1017.04 0.191534
 1017.06 -0.104675
 1017.07 -0.400001
 1017.08 -0.694427
 1017.09 -0.987936
 1017.1 -1.28051
 1017.11 -1.57214
 1017.12 -1.86281
 1017.14 -2.1525
 1017.15 -2.4412
 1017.16 -2.7289
 1017.17 -3.01558
 1017.18 -3.30124
 1017.19 -3.58586
 1017.2 -3.86944
 1017.22 -4.15196
 1017.23 -4.43342
 1017.24 -4.7138
 1017.25 -4.9931
 1017.26 -5.27132
 1017.27 -5.54844
 1017.29 -5.82446
 1017.3 -6.09936
 1017.31 -6.37316
 1017.32 -6.64583
 1017.33 -6.91737
 1017.34 -7.18778
 1017.35 -7.45704
 1017.37 -7.72516
 1017.38 -7.99213
 1017.39 -8.25794
 1017.4 -8.52259
 1017.41 -8.78606
 1017.42 -9.04836
 1017.43 -9.30948
 1017.45 -9.5694
 1017.46 -9.82814
 1017.47 -10.0857
 1017.48 -10.342
 1017.49 -10.5971
 1017.5 -10.851
 1017.51 -11.1037
 1017.53 -11.3551
 1017.54 -11.6053
 1017.55 -11.8543
 1017.56 -12.102
 1017.57 -12.3485
 1017.58 -12.5937
 1017.59 -12.8377
 1017.61 -13.0803
 1017.62 -13.3217
 1017.63 -13.5619
 1017.64 -13.8007
 1017.65 -14.0383
 1017.66 -14.2746
 1017.67 -14.5096
 1017.69 -14.7433
 1017.7 -14.9757
 1017.71 -15.2068
 1017.72 -15.4366
 1017.73 -15.6651
 1017.74 -15.8923
 1017.75 -16.1182
 1017.77 -16.3428
 1017.78 -16.566
 1017.79 -16.788
 1017.8 -17.0086
 1017.81 -17.228
 1017.82 -17.446
 1017.83 -17.6627
 1017.85 -17.8781
 1017.86 -18.0922
 1017.87 -18.3049
 1017.88 -18.5164
 1017.89 -18.7265
 1017.9 -18.9353
 1017.91 -19.1428
 1017.93 -19.3489
 1017.94 -19.5538
 1017.95 -19.7573
 1017.96 -19.9594
 1017.97 -20.1603
 1017.98 -20.3598
 1018 -20.558
 1018.01 -20.7549
 1018.02 -20.9504
 1018.03 -21.1447
 1018.04 -21.3375
 1018.05 -21.5291
 1018.06 -21.7193
 1018.08 -21.9082
 1018.09 -22.0957
 1018.1 -22.2819
 1018.11 -22.4668
 1018.12 -22.6503
 1018.13 -22.8325
 1018.14 -23.0134
 1018.16 -23.1929
 1018.17 -23.371
 1018.18 -23.5478
 1018.19 -23.7232
 1018.2 -23.8973
 1018.21 -24.07
 1018.22 -24.2414
 1018.24 -24.4114
 1018.25 -24.5801
 1018.26 -24.7474
 1018.27 -24.9133
 1018.28 -25.0779
 1018.29 -25.2412
 1018.3 -25.4031
 1018.32 -25.5636
 1018.33 -25.7228
 1018.34 -25.8806
 1018.35 -26.0371
 1018.36 -26.1923
 1018.37 -26.3461
 1018.38 -26.4986
 1018.4 -26.6498
 1018.41 -26.7996
 1018.42 -26.9481
 1018.43 -27.0952
 1018.44 -27.2411
 1018.45 -27.3856
 1018.46 -27.5288
 1018.48 -27.6707
 1018.49 -27.8113
 1018.5 -27.9506
 1018.51 -28.0886
 1018.52 -28.2253
 1018.53 -28.3608
 1018.54 -28.4949
 1018.56 -28.6278
 1018.57 -28.7594
 1018.58 -28.8897
 1018.59 -29.0187
 1018.61 -29.2186
 1018.63 -29.4154
 1018.64 -29.6091
 1018.66 -29.7998
 1018.68 -29.9876
 1018.7 -30.1723
 1018.72 -30.3541
 1018.73 -30.4633
 1018.74 -30.5714
 1018.75 -30.6785
 1018.76 -30.7844
 1018.77 -30.8894
 1018.79 -31.0744
 1018.81 -31.2561
 1018.83 -31.4345
 1018.85 -31.6097
 1018.87 -31.7816
 1018.88 -31.8969
 1018.9 -32.0108
 1018.91 -32.1232
 1018.92 -32.2342
 1018.94 -32.3437
 1018.95 -32.4519
 1018.96 -32.5587
 1018.98 -32.7392
 1019.01 -32.9157
 1019.03 -33.0883
 1019.05 -33.257
 1019.08 -33.4218
 1019.1 -33.583
 1019.12 -33.7404
 1019.15 -33.8943
 1019.17 -34.0447
 1019.19 -34.1915
 1019.23 -34.4094
 1019.26 -34.6197
 1019.3 -34.8225
 1019.33 -35.0182
 1019.37 -35.2069
 1019.4 -35.389
 1019.44 -35.5646
 1019.47 -35.734
 1019.51 -35.8974
 1019.54 -36.055
 1019.58 -36.207
 1019.61 -36.3535
 1019.65 -36.4949
 1019.68 -36.6312
 1019.72 -36.7627
 1019.75 -36.8894
 1019.79 -37.0116
 1019.82 -37.1294
 1019.86 -37.2429
 1019.89 -37.3524
 1019.93 -37.4578
 1019.96 -37.5593
 1020 -37.6571
 1020.03 -37.7512
 1020.07 -37.8418
 1020.1 -37.9289
 1020.14 -38.0127
 1020.17 -38.0932
 1020.22 -38.2091
 1020.28 -38.318
 1020.33 -38.4201
 1020.38 -38.5157
 1020.44 -38.6051
 1020.49 -38.6883
 1020.54 -38.7657
 1020.6 -38.8375
 1020.69 -38.9464
 1020.77 -39.0404
 1020.86 -39.1205
 1020.95 -39.1872
 1021.09 -39.2652
 1021.23 -39.3159
 1021.37 -39.3415
 1021.5 -39.3441
 1021.64 -39.3256
 1021.87 -39.2509
 1022.11 -39.129
 1022.34 -38.9676
 1022.58 -38.7736
 1022.81 -38.5533
 1023.04 -38.3124
 1023.4 -37.9213
 1023.75 -37.51
 1024.1 -37.0915
 1024.45 -36.6762
 1024.81 -36.2719
 1025.16 -35.8846
 1025.51 -35.5171
 1025.86 -35.1677
 1026.05 -34.9834
 1026.18 -34.8615
 1026.26 -34.7745
 1026.35 -34.6831
 1026.37 -34.6593
 1026.39 -34.6348
 1026.42 -34.6097
 1026.44 -34.5837
 1026.46 -34.5568
 1026.48 -34.5287
 1026.5 -34.499
 1026.52 -34.4675
 1026.54 -34.4456
 1026.55 -34.4225
 1026.57 -34.3979
 1026.58 -34.3716
 1026.59 -34.3523
 1026.6 -34.332
 1026.61 -34.3104
 1026.62 -34.2875
 1026.63 -34.2631
 1026.64 -34.237
 1026.65 -34.2091
 1026.66 -34.1794
 1026.67 -34.1476
 1026.69 -34.0851
 1026.7 -34.0157
 1026.72 -33.9395
 1026.74 -33.8568
 1026.76 -33.7682
 1026.78 -33.6745
 1026.8 -33.5258
 1026.83 -33.37
 1026.85 -33.21
 1026.88 -33.0479
 1026.91 -32.8859
 1026.95 -32.6452
 1026.99 -32.4119
 1027.03 -32.1884
 1027.09 -31.8684
 1027.15 -31.5771
 1027.21 -31.3144
 1027.27 -31.0794
 1027.33 -30.8707
 1027.39 -30.6867
 1027.5 -30.4193
 1027.61 -30.2139
 1027.71 -30.0629
 1027.82 -29.9602
 1027.93 -29.9008
 1028.1 -29.8839
 1028.27 -29.9475
 1028.44 -30.0768
 1028.6 -30.259
 1028.77 -30.4828
 1028.94 -30.7383
 1029.11 -31.017
 1029.28 -31.3106
 1029.45 -31.6119
 1029.62 -31.9145
 1029.79 -32.2132
 1029.96 -32.5041
 1030.13 -32.7844
 1030.3 -33.0526
 1030.47 -33.308
 1030.64 -33.5506
 1030.81 -33.7808
 1030.98 -33.9993
 1031.24 -34.3219
 1031.51 -34.6209
 1031.78 -34.8998
 1032.05 -35.1628
 1032.31 -35.4137
 1032.58 -35.6558
 1033.01 -36.0337
 1033.44 -36.4078
 1033.87 -36.7884
 1034.3 -37.1839
 1034.73 -37.6024
 1034.83 -37.7114
 1034.94 -37.8227
 1035.05 -37.9364
 1035.22 -38.1238
 1035.39 -38.3189
 1035.5 -38.4431
 1035.6 -38.5713
 1035.71 -38.7039
 1035.81 -38.8417
 1035.92 -38.9855
 1036.02 -39.1363
 1036.13 -39.2953
 1036.23 -39.4636
 1036.34 -39.6427
 1036.44 -39.8336
 1036.55 -40.0371
 1036.65 -40.2538
 1036.76 -40.4835
 1036.86 -40.7255
 1036.97 -40.9791
 1037.07 -41.243
 1037.18 -41.5163
 1037.28 -41.798
 1037.39 -42.0871
 1037.55 -42.54
 1037.71 -43.0043
 1037.87 -43.4761
 1038.03 -43.9517
 1038.19 -44.4277
 1038.35 -44.901
 1038.51 -45.369
 1038.67 -45.8294
 1038.83 -46.2809
 1038.99 -46.7221
 1039.16 -47.1525
 1039.32 -47.5713
 1039.48 -47.9784
 1039.64 -48.3736
 1039.8 -48.7567
 1039.96 -49.1279
 1040.12 -49.4874
 1040.28 -49.8352
 1040.44 -50.1715
 1040.6 -50.4965
 1040.76 -50.8103
 1040.92 -51.1131
 1041.08 -51.405
 1041.24 -51.6866
 1041.4 -51.958
 1041.56 -52.2197
 1041.72 -52.4723
 1041.88 -52.716
 1042.04 -52.9515
 1042.2 -53.1792
 1042.36 -53.3997
 1042.52 -53.6134
 1042.68 -53.8208
 1042.85 -54.0225
 1043.01 -54.219
 1043.17 -54.4107
 1043.33 -54.5981
 1043.49 -54.7815
 1043.65 -54.9612
 1043.81 -55.1376
 1043.97 -55.3108
 1044.13 -55.481
 1044.29 -55.6483
 1044.45 -55.8128
 1044.61 -55.9747
 1044.77 -56.1341
 1044.93 -56.2912
 1045.09 -56.4459
 1045.25 -56.5985
 1045.41 -56.749
 1045.57 -56.8974
 1045.73 -57.0436
 1045.89 -57.1875
 1046.14 -57.4073
 1046.4 -57.6206
 1046.65 -57.8269
 1046.9 -58.0258
 1047.15 -58.2169
 1047.4 -58.4002
 1047.65 -58.5757
 1047.9 -58.7435
 1048.32 -59.0114
 1048.75 -59.2598
 1049.17 -59.4916
 1049.6 -59.7097
 1050.02 -59.917
 1050.45 -60.1156
 1050.87 -60.3068
 1051.13 -60.4198
 1051.39 -60.5303
 1051.65 -60.6386
 1051.9 -60.7445
 1052.16 -60.8483
 1052.42 -60.9497
 1052.68 -61.0488
 1052.94 -61.1457
 1053.2 -61.2402
 1053.45 -61.3325
 1053.71 -61.4225
 1053.97 -61.5102
 1054.23 -61.5957
 1054.62 -61.7218
 1055.02 -61.8425
 1055.41 -61.9577
 1055.81 -62.0673
 1056.2 -62.1711
 1056.59 -62.2692
 1056.99 -62.3616
 1057.38 -62.4486
 1057.78 -62.5307
 1058.17 -62.6083
 1058.57 -62.6819
 1058.96 -62.752
 1059.35 -62.8188
 1059.75 -62.8827
 1060.14 -62.944
 1060.54 -63.0033
 1060.78 -63.0394
 1061.03 -63.075
 1061.28 -63.1101
 1061.52 -63.1446
 1061.77 -63.1788
 1062.02 -63.2125
 1062.27 -63.2458
 1062.51 -63.2786
 1062.76 -63.3111
 1063.01 -63.3431
 1063.25 -63.3746
 1063.5 -63.4057
 1063.75 -63.4363
 1064.13 -63.4823
 1064.51 -63.527
 1064.89 -63.5702
 1065.52 -63.6388
 1066.16 -63.7029
 1066.8 -63.7625
 1067.43 -63.818
 1068.07 -63.8696
 1068.7 -63.9177
 1069.34 -63.9629
 1070.32 -64.0279
 1071.31 -64.0879
 1072.29 -64.1438
 1073.98 -64.2319
 1075.66 -64.3123
 1077.35 -64.3855
 1079.03 -64.4517
 1080.72 -64.5109
 1083.41 -64.5909
 1086.09 -64.6538
 1088.78 -64.7006
 1091.47 -64.733
 1094.16 -64.7526
 1096.85 -64.7612
 1101.17 -64.7557
 1105.5 -64.7315
 1109.83 -64.6932
 1114.15 -64.6441
 1118.48 -64.5874
 1122.8 -64.5249
 1127.13 -64.4593
 1131.46 -64.3902
 1135.78 -64.3195
 1140.11 -64.2471
 1144.44 -64.1779
 1148.76 -64.1103
 1153.09 -64.0411
 1157.42 -63.9689
 1161.74 -63.8988
 1166.07 -63.8349
 1170.39 -63.7739
 1174.72 -63.709
 1179.05 -63.6425
 1183.37 -63.5827
 1186.37 -63.5452
 1189.37 -63.5057
 1192.36 -63.465
 1195.36 -63.4237
 1198.36 -63.3863
 1201.36 -63.3437
 1203.2 -63.315
 1205.05 -63.2905
 1206.9 -63.2734
 1208.75 -63.2558
 1210.6 -63.2334
 1212.45 -63.2062
 1214.3 -63.1829
 1215.57 -63.1705
 1216.84 -63.1575
 1218.11 -63.142
 1219.39 -63.1254
 1220.66 -63.1103
 1221.93 -63.0966
 1223.21 -63.0831
 1224.48 -63.0682
 1225.75 -63.0535
 1227.03 -63.0404
 1228.3 -63.0287
 1229.57 -63.0159
 1230.85 -63.0005
 1232.12 -62.9828
 1233.39 -62.967
 1234.67 -62.9545
 1235.94 -62.943
 1237.21 -62.9296
 1238.49 -62.9138
 1239.76 -62.899
 1241.03 -62.8867
 1242.31 -62.8751
 1243.58 -62.8624
 1244.85 -62.8481
 1246.12 -62.8346
 1247.4 -62.8213
 1248.67 -62.8091
 1249.94 -62.7942
 1250.81 -62.7823
 1251.68 -62.7716
 1252.54 -62.7639
 1253.41 -62.7585
 1254.28 -62.7518
 1255.14 -62.7428
 1256.01 -62.7332
 1256.88 -62.7247
 1257.74 -62.7166
 1258.61 -62.7082
 1259.48 -62.6995
 1260.34 -62.6913
 1261.21 -62.6827
 1262.07 -62.6742
 1262.94 -62.6647
 1263.81 -62.6564
 1264.67 -62.6494
 1265.54 -62.6442
 1266.41 -62.6368
 1267.01 -62.6292
 1267.61 -62.6215
 1268.21 -62.6154
 1268.81 -62.6108
 1269.41 -62.6059
 1270.01 -62.5999
 1270.61 -62.5935
 1271.64 -62.5825
 1272.66 -62.5725
 1273.69 -62.5635
 1274.71 -62.5547
 1275.74 -62.5456
 1276.76 -62.5357
 1278.61 -62.5179
 1280.45 -62.5009
 1282.29 -62.4837
 1284.14 -62.4669
 1285.98 -62.4497
 1287.83 -62.433
 1289.67 -62.4159
 1291.52 -62.3995
 1293.36 -62.3825
 1295.2 -62.3657
 1297.05 -62.349
 1302.66 -62.2997
 1308.27 -62.2508
 1313.89 -62.2024
 1319.5 -62.1546
 1329.87 -62.0666
 1340.24 -61.9798
 1350.62 -61.8948
 1366.72 -61.7637
 1382.83 -61.634
 1410.3 -61.4141
 1437.76 -61.197
 1481.48 -60.8502
 1500 -60.7041
 1500 -60.7041
 1500 -60.7592
 1500 -60.7969
 1500 -60.8374
 1500 -60.86
 1500 -60.8869
 1500 -60.8856
 1500 -60.8812
 1500 -60.8791
 1500 -60.879
 1500 -60.8796
 1500 -60.8826
 1500 -60.9006
 1500 -60.9165
 1500 -60.9427
 1500 -60.9791
 1500.01 -61.0309
 1500.01 -61.0793
 1500.02 -61.161
 1500.02 -61.2362
 1500.03 -61.3996
 1500.05 -61.54
 1500.06 -61.6648
 1500.07 -61.7786
 1500.08 -61.8843
 1500.1 -62.0571
 1500.13 -62.2152
 1500.16 -62.45
 1500.2 -62.6624
 1500.27 -63.0102
 1500.33 -63.3188
 1500.4 -63.5983
 1500.47 -63.854
 1500.53 -64.0895
 1500.64 -64.4447
 1500.75 -64.7624
 1500.86 -65.0502
 1501.04 -65.4589
 1501.22 -65.8178
 1501.4 -66.1371
 1501.73 -66.6543
 1502.06 -67.0908
 1502.39 -67.4659
 1502.72 -67.7944
 1503.05 -68.0877
 1503.55 -68.4776
 1504.05 -68.8202
 1504.55 -69.1252
 1505.05 -69.3995
 1505.54 -69.6489
 1506.39 -70.0264
 1507.24 -70.357
 1508.08 -70.6491
 1508.93 -70.9088
 1509.77 -71.1413
 1511.23 -71.4901
 1512.69 -71.7847
 1514.15 -72.035
 1515.61 -72.2485
 1517.07 -72.4314
 1519.41 -72.6728
 1521.74 -72.8637
 1524.08 -73.0144
 1526.42 -73.1328
 1528.75 -73.2254
 1532.55 -73.334
 1536.35 -73.4036
 1540.15 -73.445
 1546.1 -73.471
 1552.05 -73.4665
 1558.01 -73.443
 1563.96 -73.4072
 1569.91 -73.3647
 1575.86 -73.319
 1585.23 -73.2442
 1594.6 -73.168
 1603.97 -73.092
 1613.33 -73.0174
 1622.7 -72.9449
 1636.92 -72.8397
 1651.14 -72.7403
 1673.26 -72.5961
 1695.38 -72.4638
 1717.5 -72.3419
 1756.15 -72.1485
 1794.8 -71.9785
 1833.44 -71.8237
 1872.09 -71.6791
 1910.74 -71.5469
 1949.39 -71.4253
 1988.04 -71.3094
